PatientID,BaselineDate,SeriesUID,Image,Mask,original_shape_Elongation_right_lung,original_shape_Flatness_right_lung,original_shape_LeastAxisLength_right_lung,original_shape_MajorAxisLength_right_lung,original_shape_Maximum2DDiameterColumn_right_lung,original_shape_Maximum2DDiameterRow_right_lung,original_shape_Maximum2DDiameterSlice_right_lung,original_shape_Maximum3DDiameter_right_lung,original_shape_MeshVolume_right_lung,original_shape_MinorAxisLength_right_lung,original_shape_Sphericity_right_lung,original_shape_SurfaceArea_right_lung,original_shape_SurfaceVolumeRatio_right_lung,original_shape_VoxelVolume_right_lung,original_firstorder_10Percentile_right_lung,original_firstorder_90Percentile_right_lung,original_firstorder_Energy_right_lung,original_firstorder_Entropy_right_lung,original_firstorder_InterquartileRange_right_lung,original_firstorder_Kurtosis_right_lung,original_firstorder_Maximum_right_lung,original_firstorder_MeanAbsoluteDeviation_right_lung,original_firstorder_Mean_right_lung,original_firstorder_Median_right_lung,original_firstorder_Minimum_right_lung,original_firstorder_Range_right_lung,original_firstorder_RobustMeanAbsoluteDeviation_right_lung,original_firstorder_RootMeanSquared_right_lung,original_firstorder_Skewness_right_lung,original_firstorder_TotalEnergy_right_lung,original_firstorder_Uniformity_right_lung,original_firstorder_Variance_right_lung,original_glcm_Autocorrelation_right_lung,original_glcm_ClusterProminence_right_lung,original_glcm_ClusterShade_right_lung,original_glcm_ClusterTendency_right_lung,original_glcm_Contrast_right_lung,original_glcm_Correlation_right_lung,original_glcm_DifferenceAverage_right_lung,original_glcm_DifferenceEntropy_right_lung,original_glcm_DifferenceVariance_right_lung,original_glcm_Id_right_lung,original_glcm_Idm_right_lung,original_glcm_Idmn_right_lung,original_glcm_Idn_right_lung,original_glcm_Imc1_right_lung,original_glcm_Imc2_right_lung,original_glcm_InverseVariance_right_lung,original_glcm_JointAverage_right_lung,original_glcm_JointEnergy_right_lung,original_glcm_JointEntropy_right_lung,original_glcm_MCC_right_lung,original_glcm_MaximumProbability_right_lung,original_glcm_SumAverage_right_lung,original_glcm_SumEntropy_right_lung,original_glcm_SumSquares_right_lung,original_glrlm_GrayLevelNonUniformity_right_lung,original_glrlm_GrayLevelNonUniformityNormalized_right_lung,original_glrlm_GrayLevelVariance_right_lung,original_glrlm_HighGrayLevelRunEmphasis_right_lung,original_glrlm_LongRunEmphasis_right_lung,original_glrlm_LongRunHighGrayLevelEmphasis_right_lung,original_glrlm_LongRunLowGrayLevelEmphasis_right_lung,original_glrlm_LowGrayLevelRunEmphasis_right_lung,original_glrlm_RunEntropy_right_lung,original_glrlm_RunLengthNonUniformity_right_lung,original_glrlm_RunLengthNonUniformityNormalized_right_lung,original_glrlm_RunPercentage_right_lung,original_glrlm_RunVariance_right_lung,original_glrlm_ShortRunEmphasis_right_lung,original_glrlm_ShortRunHighGrayLevelEmphasis_right_lung,original_glrlm_ShortRunLowGrayLevelEmphasis_right_lung,original_glszm_GrayLevelNonUniformity_right_lung,original_glszm_GrayLevelNonUniformityNormalized_right_lung,original_glszm_GrayLevelVariance_right_lung,original_glszm_HighGrayLevelZoneEmphasis_right_lung,original_glszm_LargeAreaEmphasis_right_lung,original_glszm_LargeAreaHighGrayLevelEmphasis_right_lung,original_glszm_LargeAreaLowGrayLevelEmphasis_right_lung,original_glszm_LowGrayLevelZoneEmphasis_right_lung,original_glszm_SizeZoneNonUniformity_right_lung,original_glszm_SizeZoneNonUniformityNormalized_right_lung,original_glszm_SmallAreaEmphasis_right_lung,original_glszm_SmallAreaHighGrayLevelEmphasis_right_lung,original_glszm_SmallAreaLowGrayLevelEmphasis_right_lung,original_glszm_ZoneEntropy_right_lung,original_glszm_ZonePercentage_right_lung,original_glszm_ZoneVariance_right_lung,original_gldm_DependenceEntropy_right_lung,original_gldm_DependenceNonUniformity_right_lung,original_gldm_DependenceNonUniformityNormalized_right_lung,original_gldm_DependenceVariance_right_lung,original_gldm_GrayLevelNonUniformity_right_lung,original_gldm_GrayLevelVariance_right_lung,original_gldm_HighGrayLevelEmphasis_right_lung,original_gldm_LargeDependenceEmphasis_right_lung,original_gldm_LargeDependenceHighGrayLevelEmphasis_right_lung,original_gldm_LargeDependenceLowGrayLevelEmphasis_right_lung,original_gldm_LowGrayLevelEmphasis_right_lung,original_gldm_SmallDependenceEmphasis_right_lung,original_gldm_SmallDependenceHighGrayLevelEmphasis_right_lung,original_gldm_SmallDependenceLowGrayLevelEmphasis_right_lung,original_ngtdm_Busyness_right_lung,original_ngtdm_Coarseness_right_lung,original_ngtdm_Complexity_right_lung,original_ngtdm_Contrast_right_lung,original_ngtdm_Strength_right_lung,wavelet-LLH_firstorder_10Percentile_right_lung,wavelet-LLH_firstorder_90Percentile_right_lung,wavelet-LLH_firstorder_Energy_right_lung,wavelet-LLH_firstorder_Entropy_right_lung,wavelet-LLH_firstorder_InterquartileRange_right_lung,wavelet-LLH_firstorder_Kurtosis_right_lung,wavelet-LLH_firstorder_Maximum_right_lung,wavelet-LLH_firstorder_MeanAbsoluteDeviation_right_lung,wavelet-LLH_firstorder_Mean_right_lung,wavelet-LLH_firstorder_Median_right_lung,wavelet-LLH_firstorder_Minimum_right_lung,wavelet-LLH_firstorder_Range_right_lung,wavelet-LLH_firstorder_RobustMeanAbsoluteDeviation_right_lung,wavelet-LLH_firstorder_RootMeanSquared_right_lung,wavelet-LLH_firstorder_Skewness_right_lung,wavelet-LLH_firstorder_TotalEnergy_right_lung,wavelet-LLH_firstorder_Uniformity_right_lung,wavelet-LLH_firstorder_Variance_right_lung,wavelet-LLH_glcm_Autocorrelation_right_lung,wavelet-LLH_glcm_ClusterProminence_right_lung,wavelet-LLH_glcm_ClusterShade_right_lung,wavelet-LLH_glcm_ClusterTendency_right_lung,wavelet-LLH_glcm_Contrast_right_lung,wavelet-LLH_glcm_Correlation_right_lung,wavelet-LLH_glcm_DifferenceAverage_right_lung,wavelet-LLH_glcm_DifferenceEntropy_right_lung,wavelet-LLH_glcm_DifferenceVariance_right_lung,wavelet-LLH_glcm_Id_right_lung,wavelet-LLH_glcm_Idm_right_lung,wavelet-LLH_glcm_Idmn_right_lung,wavelet-LLH_glcm_Idn_right_lung,wavelet-LLH_glcm_Imc1_right_lung,wavelet-LLH_glcm_Imc2_right_lung,wavelet-LLH_glcm_InverseVariance_right_lung,wavelet-LLH_glcm_JointAverage_right_lung,wavelet-LLH_glcm_JointEnergy_right_lung,wavelet-LLH_glcm_JointEntropy_right_lung,wavelet-LLH_glcm_MCC_right_lung,wavelet-LLH_glcm_MaximumProbability_right_lung,wavelet-LLH_glcm_SumAverage_right_lung,wavelet-LLH_glcm_SumEntropy_right_lung,wavelet-LLH_glcm_SumSquares_right_lung,wavelet-LLH_glrlm_GrayLevelNonUniformity_right_lung,wavelet-LLH_glrlm_GrayLevelNonUniformityNormalized_right_lung,wavelet-LLH_glrlm_GrayLevelVariance_right_lung,wavelet-LLH_glrlm_HighGrayLevelRunEmphasis_right_lung,wavelet-LLH_glrlm_LongRunEmphasis_right_lung,wavelet-LLH_glrlm_LongRunHighGrayLevelEmphasis_right_lung,wavelet-LLH_glrlm_LongRunLowGrayLevelEmphasis_right_lung,wavelet-LLH_glrlm_LowGrayLevelRunEmphasis_right_lung,wavelet-LLH_glrlm_RunEntropy_right_lung,wavelet-LLH_glrlm_RunLengthNonUniformity_right_lung,wavelet-LLH_glrlm_RunLengthNonUniformityNormalized_right_lung,wavelet-LLH_glrlm_RunPercentage_right_lung,wavelet-LLH_glrlm_RunVariance_right_lung,wavelet-LLH_glrlm_ShortRunEmphasis_right_lung,wavelet-LLH_glrlm_ShortRunHighGrayLevelEmphasis_right_lung,wavelet-LLH_glrlm_ShortRunLowGrayLevelEmphasis_right_lung,wavelet-LLH_glszm_GrayLevelNonUniformity_right_lung,wavelet-LLH_glszm_GrayLevelNonUniformityNormalized_right_lung,wavelet-LLH_glszm_GrayLevelVariance_right_lung,wavelet-LLH_glszm_HighGrayLevelZoneEmphasis_right_lung,wavelet-LLH_glszm_LargeAreaEmphasis_right_lung,wavelet-LLH_glszm_LargeAreaHighGrayLevelEmphasis_right_lung,wavelet-LLH_glszm_LargeAreaLowGrayLevelEmphasis_right_lung,wavelet-LLH_glszm_LowGrayLevelZoneEmphasis_right_lung,wavelet-LLH_glszm_SizeZoneNonUniformity_right_lung,wavelet-LLH_glszm_SizeZoneNonUniformityNormalized_right_lung,wavelet-LLH_glszm_SmallAreaEmphasis_right_lung,wavelet-LLH_glszm_SmallAreaHighGrayLevelEmphasis_right_lung,wavelet-LLH_glszm_SmallAreaLowGrayLevelEmphasis_right_lung,wavelet-LLH_glszm_ZoneEntropy_right_lung,wavelet-LLH_glszm_ZonePercentage_right_lung,wavelet-LLH_glszm_ZoneVariance_right_lung,wavelet-LLH_gldm_DependenceEntropy_right_lung,wavelet-LLH_gldm_DependenceNonUniformity_right_lung,wavelet-LLH_gldm_DependenceNonUniformityNormalized_right_lung,wavelet-LLH_gldm_DependenceVariance_right_lung,wavelet-LLH_gldm_GrayLevelNonUniformity_right_lung,wavelet-LLH_gldm_GrayLevelVariance_right_lung,wavelet-LLH_gldm_HighGrayLevelEmphasis_right_lung,wavelet-LLH_gldm_LargeDependenceEmphasis_right_lung,wavelet-LLH_gldm_LargeDependenceHighGrayLevelEmphasis_right_lung,wavelet-LLH_gldm_LargeDependenceLowGrayLevelEmphasis_right_lung,wavelet-LLH_gldm_LowGrayLevelEmphasis_right_lung,wavelet-LLH_gldm_SmallDependenceEmphasis_right_lung,wavelet-LLH_gldm_SmallDependenceHighGrayLevelEmphasis_right_lung,wavelet-LLH_gldm_SmallDependenceLowGrayLevelEmphasis_right_lung,wavelet-LLH_ngtdm_Busyness_right_lung,wavelet-LLH_ngtdm_Coarseness_right_lung,wavelet-LLH_ngtdm_Complexity_right_lung,wavelet-LLH_ngtdm_Contrast_right_lung,wavelet-LLH_ngtdm_Strength_right_lung,wavelet-LHL_firstorder_10Percentile_right_lung,wavelet-LHL_firstorder_90Percentile_right_lung,wavelet-LHL_firstorder_Energy_right_lung,wavelet-LHL_firstorder_Entropy_right_lung,wavelet-LHL_firstorder_InterquartileRange_right_lung,wavelet-LHL_firstorder_Kurtosis_right_lung,wavelet-LHL_firstorder_Maximum_right_lung,wavelet-LHL_firstorder_MeanAbsoluteDeviation_right_lung,wavelet-LHL_firstorder_Mean_right_lung,wavelet-LHL_firstorder_Median_right_lung,wavelet-LHL_firstorder_Minimum_right_lung,wavelet-LHL_firstorder_Range_right_lung,wavelet-LHL_firstorder_RobustMeanAbsoluteDeviation_right_lung,wavelet-LHL_firstorder_RootMeanSquared_right_lung,wavelet-LHL_firstorder_Skewness_right_lung,wavelet-LHL_firstorder_TotalEnergy_right_lung,wavelet-LHL_firstorder_Uniformity_right_lung,wavelet-LHL_firstorder_Variance_right_lung,wavelet-LHL_glcm_Autocorrelation_right_lung,wavelet-LHL_glcm_ClusterProminence_right_lung,wavelet-LHL_glcm_ClusterShade_right_lung,wavelet-LHL_glcm_ClusterTendency_right_lung,wavelet-LHL_glcm_Contrast_right_lung,wavelet-LHL_glcm_Correlation_right_lung,wavelet-LHL_glcm_DifferenceAverage_right_lung,wavelet-LHL_glcm_DifferenceEntropy_right_lung,wavelet-LHL_glcm_DifferenceVariance_right_lung,wavelet-LHL_glcm_Id_right_lung,wavelet-LHL_glcm_Idm_right_lung,wavelet-LHL_glcm_Idmn_right_lung,wavelet-LHL_glcm_Idn_right_lung,wavelet-LHL_glcm_Imc1_right_lung,wavelet-LHL_glcm_Imc2_right_lung,wavelet-LHL_glcm_InverseVariance_right_lung,wavelet-LHL_glcm_JointAverage_right_lung,wavelet-LHL_glcm_JointEnergy_right_lung,wavelet-LHL_glcm_JointEntropy_right_lung,wavelet-LHL_glcm_MCC_right_lung,wavelet-LHL_glcm_MaximumProbability_right_lung,wavelet-LHL_glcm_SumAverage_right_lung,wavelet-LHL_glcm_SumEntropy_right_lung,wavelet-LHL_glcm_SumSquares_right_lung,wavelet-LHL_glrlm_GrayLevelNonUniformity_right_lung,wavelet-LHL_glrlm_GrayLevelNonUniformityNormalized_right_lung,wavelet-LHL_glrlm_GrayLevelVariance_right_lung,wavelet-LHL_glrlm_HighGrayLevelRunEmphasis_right_lung,wavelet-LHL_glrlm_LongRunEmphasis_right_lung,wavelet-LHL_glrlm_LongRunHighGrayLevelEmphasis_right_lung,wavelet-LHL_glrlm_LongRunLowGrayLevelEmphasis_right_lung,wavelet-LHL_glrlm_LowGrayLevelRunEmphasis_right_lung,wavelet-LHL_glrlm_RunEntropy_right_lung,wavelet-LHL_glrlm_RunLengthNonUniformity_right_lung,wavelet-LHL_glrlm_RunLengthNonUniformityNormalized_right_lung,wavelet-LHL_glrlm_RunPercentage_right_lung,wavelet-LHL_glrlm_RunVariance_right_lung,wavelet-LHL_glrlm_ShortRunEmphasis_right_lung,wavelet-LHL_glrlm_ShortRunHighGrayLevelEmphasis_right_lung,wavelet-LHL_glrlm_ShortRunLowGrayLevelEmphasis_right_lung,wavelet-LHL_glszm_GrayLevelNonUniformity_right_lung,wavelet-LHL_glszm_GrayLevelNonUniformityNormalized_right_lung,wavelet-LHL_glszm_GrayLevelVariance_right_lung,wavelet-LHL_glszm_HighGrayLevelZoneEmphasis_right_lung,wavelet-LHL_glszm_LargeAreaEmphasis_right_lung,wavelet-LHL_glszm_LargeAreaHighGrayLevelEmphasis_right_lung,wavelet-LHL_glszm_LargeAreaLowGrayLevelEmphasis_right_lung,wavelet-LHL_glszm_LowGrayLevelZoneEmphasis_right_lung,wavelet-LHL_glszm_SizeZoneNonUniformity_right_lung,wavelet-LHL_glszm_SizeZoneNonUniformityNormalized_right_lung,wavelet-LHL_glszm_SmallAreaEmphasis_right_lung,wavelet-LHL_glszm_SmallAreaHighGrayLevelEmphasis_right_lung,wavelet-LHL_glszm_SmallAreaLowGrayLevelEmphasis_right_lung,wavelet-LHL_glszm_ZoneEntropy_right_lung,wavelet-LHL_glszm_ZonePercentage_right_lung,wavelet-LHL_glszm_ZoneVariance_right_lung,wavelet-LHL_gldm_DependenceEntropy_right_lung,wavelet-LHL_gldm_DependenceNonUniformity_right_lung,wavelet-LHL_gldm_DependenceNonUniformityNormalized_right_lung,wavelet-LHL_gldm_DependenceVariance_right_lung,wavelet-LHL_gldm_GrayLevelNonUniformity_right_lung,wavelet-LHL_gldm_GrayLevelVariance_right_lung,wavelet-LHL_gldm_HighGrayLevelEmphasis_right_lung,wavelet-LHL_gldm_LargeDependenceEmphasis_right_lung,wavelet-LHL_gldm_LargeDependenceHighGrayLevelEmphasis_right_lung,wavelet-LHL_gldm_LargeDependenceLowGrayLevelEmphasis_right_lung,wavelet-LHL_gldm_LowGrayLevelEmphasis_right_lung,wavelet-LHL_gldm_SmallDependenceEmphasis_right_lung,wavelet-LHL_gldm_SmallDependenceHighGrayLevelEmphasis_right_lung,wavelet-LHL_gldm_SmallDependenceLowGrayLevelEmphasis_right_lung,wavelet-LHL_ngtdm_Busyness_right_lung,wavelet-LHL_ngtdm_Coarseness_right_lung,wavelet-LHL_ngtdm_Complexity_right_lung,wavelet-LHL_ngtdm_Contrast_right_lung,wavelet-LHL_ngtdm_Strength_right_lung,wavelet-LHH_firstorder_10Percentile_right_lung,wavelet-LHH_firstorder_90Percentile_right_lung,wavelet-LHH_firstorder_Energy_right_lung,wavelet-LHH_firstorder_Entropy_right_lung,wavelet-LHH_firstorder_InterquartileRange_right_lung,wavelet-LHH_firstorder_Kurtosis_right_lung,wavelet-LHH_firstorder_Maximum_right_lung,wavelet-LHH_firstorder_MeanAbsoluteDeviation_right_lung,wavelet-LHH_firstorder_Mean_right_lung,wavelet-LHH_firstorder_Median_right_lung,wavelet-LHH_firstorder_Minimum_right_lung,wavelet-LHH_firstorder_Range_right_lung,wavelet-LHH_firstorder_RobustMeanAbsoluteDeviation_right_lung,wavelet-LHH_firstorder_RootMeanSquared_right_lung,wavelet-LHH_firstorder_Skewness_right_lung,wavelet-LHH_firstorder_TotalEnergy_right_lung,wavelet-LHH_firstorder_Uniformity_right_lung,wavelet-LHH_firstorder_Variance_right_lung,wavelet-LHH_glcm_Autocorrelation_right_lung,wavelet-LHH_glcm_ClusterProminence_right_lung,wavelet-LHH_glcm_ClusterShade_right_lung,wavelet-LHH_glcm_ClusterTendency_right_lung,wavelet-LHH_glcm_Contrast_right_lung,wavelet-LHH_glcm_Correlation_right_lung,wavelet-LHH_glcm_DifferenceAverage_right_lung,wavelet-LHH_glcm_DifferenceEntropy_right_lung,wavelet-LHH_glcm_DifferenceVariance_right_lung,wavelet-LHH_glcm_Id_right_lung,wavelet-LHH_glcm_Idm_right_lung,wavelet-LHH_glcm_Idmn_right_lung,wavelet-LHH_glcm_Idn_right_lung,wavelet-LHH_glcm_Imc1_right_lung,wavelet-LHH_glcm_Imc2_right_lung,wavelet-LHH_glcm_InverseVariance_right_lung,wavelet-LHH_glcm_JointAverage_right_lung,wavelet-LHH_glcm_JointEnergy_right_lung,wavelet-LHH_glcm_JointEntropy_right_lung,wavelet-LHH_glcm_MCC_right_lung,wavelet-LHH_glcm_MaximumProbability_right_lung,wavelet-LHH_glcm_SumAverage_right_lung,wavelet-LHH_glcm_SumEntropy_right_lung,wavelet-LHH_glcm_SumSquares_right_lung,wavelet-LHH_glrlm_GrayLevelNonUniformity_right_lung,wavelet-LHH_glrlm_GrayLevelNonUniformityNormalized_right_lung,wavelet-LHH_glrlm_GrayLevelVariance_right_lung,wavelet-LHH_glrlm_HighGrayLevelRunEmphasis_right_lung,wavelet-LHH_glrlm_LongRunEmphasis_right_lung,wavelet-LHH_glrlm_LongRunHighGrayLevelEmphasis_right_lung,wavelet-LHH_glrlm_LongRunLowGrayLevelEmphasis_right_lung,wavelet-LHH_glrlm_LowGrayLevelRunEmphasis_right_lung,wavelet-LHH_glrlm_RunEntropy_right_lung,wavelet-LHH_glrlm_RunLengthNonUniformity_right_lung,wavelet-LHH_glrlm_RunLengthNonUniformityNormalized_right_lung,wavelet-LHH_glrlm_RunPercentage_right_lung,wavelet-LHH_glrlm_RunVariance_right_lung,wavelet-LHH_glrlm_ShortRunEmphasis_right_lung,wavelet-LHH_glrlm_ShortRunHighGrayLevelEmphasis_right_lung,wavelet-LHH_glrlm_ShortRunLowGrayLevelEmphasis_right_lung,wavelet-LHH_glszm_GrayLevelNonUniformity_right_lung,wavelet-LHH_glszm_GrayLevelNonUniformityNormalized_right_lung,wavelet-LHH_glszm_GrayLevelVariance_right_lung,wavelet-LHH_glszm_HighGrayLevelZoneEmphasis_right_lung,wavelet-LHH_glszm_LargeAreaEmphasis_right_lung,wavelet-LHH_glszm_LargeAreaHighGrayLevelEmphasis_right_lung,wavelet-LHH_glszm_LargeAreaLowGrayLevelEmphasis_right_lung,wavelet-LHH_glszm_LowGrayLevelZoneEmphasis_right_lung,wavelet-LHH_glszm_SizeZoneNonUniformity_right_lung,wavelet-LHH_glszm_SizeZoneNonUniformityNormalized_right_lung,wavelet-LHH_glszm_SmallAreaEmphasis_right_lung,wavelet-LHH_glszm_SmallAreaHighGrayLevelEmphasis_right_lung,wavelet-LHH_glszm_SmallAreaLowGrayLevelEmphasis_right_lung,wavelet-LHH_glszm_ZoneEntropy_right_lung,wavelet-LHH_glszm_ZonePercentage_right_lung,wavelet-LHH_glszm_ZoneVariance_right_lung,wavelet-LHH_gldm_DependenceEntropy_right_lung,wavelet-LHH_gldm_DependenceNonUniformity_right_lung,wavelet-LHH_gldm_DependenceNonUniformityNormalized_right_lung,wavelet-LHH_gldm_DependenceVariance_right_lung,wavelet-LHH_gldm_GrayLevelNonUniformity_right_lung,wavelet-LHH_gldm_GrayLevelVariance_right_lung,wavelet-LHH_gldm_HighGrayLevelEmphasis_right_lung,wavelet-LHH_gldm_LargeDependenceEmphasis_right_lung,wavelet-LHH_gldm_LargeDependenceHighGrayLevelEmphasis_right_lung,wavelet-LHH_gldm_LargeDependenceLowGrayLevelEmphasis_right_lung,wavelet-LHH_gldm_LowGrayLevelEmphasis_right_lung,wavelet-LHH_gldm_SmallDependenceEmphasis_right_lung,wavelet-LHH_gldm_SmallDependenceHighGrayLevelEmphasis_right_lung,wavelet-LHH_gldm_SmallDependenceLowGrayLevelEmphasis_right_lung,wavelet-LHH_ngtdm_Busyness_right_lung,wavelet-LHH_ngtdm_Coarseness_right_lung,wavelet-LHH_ngtdm_Complexity_right_lung,wavelet-LHH_ngtdm_Contrast_right_lung,wavelet-LHH_ngtdm_Strength_right_lung,wavelet-HLL_firstorder_10Percentile_right_lung,wavelet-HLL_firstorder_90Percentile_right_lung,wavelet-HLL_firstorder_Energy_right_lung,wavelet-HLL_firstorder_Entropy_right_lung,wavelet-HLL_firstorder_InterquartileRange_right_lung,wavelet-HLL_firstorder_Kurtosis_right_lung,wavelet-HLL_firstorder_Maximum_right_lung,wavelet-HLL_firstorder_MeanAbsoluteDeviation_right_lung,wavelet-HLL_firstorder_Mean_right_lung,wavelet-HLL_firstorder_Median_right_lung,wavelet-HLL_firstorder_Minimum_right_lung,wavelet-HLL_firstorder_Range_right_lung,wavelet-HLL_firstorder_RobustMeanAbsoluteDeviation_right_lung,wavelet-HLL_firstorder_RootMeanSquared_right_lung,wavelet-HLL_firstorder_Skewness_right_lung,wavelet-HLL_firstorder_TotalEnergy_right_lung,wavelet-HLL_firstorder_Uniformity_right_lung,wavelet-HLL_firstorder_Variance_right_lung,wavelet-HLL_glcm_Autocorrelation_right_lung,wavelet-HLL_glcm_ClusterProminence_right_lung,wavelet-HLL_glcm_ClusterShade_right_lung,wavelet-HLL_glcm_ClusterTendency_right_lung,wavelet-HLL_glcm_Contrast_right_lung,wavelet-HLL_glcm_Correlation_right_lung,wavelet-HLL_glcm_DifferenceAverage_right_lung,wavelet-HLL_glcm_DifferenceEntropy_right_lung,wavelet-HLL_glcm_DifferenceVariance_right_lung,wavelet-HLL_glcm_Id_right_lung,wavelet-HLL_glcm_Idm_right_lung,wavelet-HLL_glcm_Idmn_right_lung,wavelet-HLL_glcm_Idn_right_lung,wavelet-HLL_glcm_Imc1_right_lung,wavelet-HLL_glcm_Imc2_right_lung,wavelet-HLL_glcm_InverseVariance_right_lung,wavelet-HLL_glcm_JointAverage_right_lung,wavelet-HLL_glcm_JointEnergy_right_lung,wavelet-HLL_glcm_JointEntropy_right_lung,wavelet-HLL_glcm_MCC_right_lung,wavelet-HLL_glcm_MaximumProbability_right_lung,wavelet-HLL_glcm_SumAverage_right_lung,wavelet-HLL_glcm_SumEntropy_right_lung,wavelet-HLL_glcm_SumSquares_right_lung,wavelet-HLL_glrlm_GrayLevelNonUniformity_right_lung,wavelet-HLL_glrlm_GrayLevelNonUniformityNormalized_right_lung,wavelet-HLL_glrlm_GrayLevelVariance_right_lung,wavelet-HLL_glrlm_HighGrayLevelRunEmphasis_right_lung,wavelet-HLL_glrlm_LongRunEmphasis_right_lung,wavelet-HLL_glrlm_LongRunHighGrayLevelEmphasis_right_lung,wavelet-HLL_glrlm_LongRunLowGrayLevelEmphasis_right_lung,wavelet-HLL_glrlm_LowGrayLevelRunEmphasis_right_lung,wavelet-HLL_glrlm_RunEntropy_right_lung,wavelet-HLL_glrlm_RunLengthNonUniformity_right_lung,wavelet-HLL_glrlm_RunLengthNonUniformityNormalized_right_lung,wavelet-HLL_glrlm_RunPercentage_right_lung,wavelet-HLL_glrlm_RunVariance_right_lung,wavelet-HLL_glrlm_ShortRunEmphasis_right_lung,wavelet-HLL_glrlm_ShortRunHighGrayLevelEmphasis_right_lung,wavelet-HLL_glrlm_ShortRunLowGrayLevelEmphasis_right_lung,wavelet-HLL_glszm_GrayLevelNonUniformity_right_lung,wavelet-HLL_glszm_GrayLevelNonUniformityNormalized_right_lung,wavelet-HLL_glszm_GrayLevelVariance_right_lung,wavelet-HLL_glszm_HighGrayLevelZoneEmphasis_right_lung,wavelet-HLL_glszm_LargeAreaEmphasis_right_lung,wavelet-HLL_glszm_LargeAreaHighGrayLevelEmphasis_right_lung,wavelet-HLL_glszm_LargeAreaLowGrayLevelEmphasis_right_lung,wavelet-HLL_glszm_LowGrayLevelZoneEmphasis_right_lung,wavelet-HLL_glszm_SizeZoneNonUniformity_right_lung,wavelet-HLL_glszm_SizeZoneNonUniformityNormalized_right_lung,wavelet-HLL_glszm_SmallAreaEmphasis_right_lung,wavelet-HLL_glszm_SmallAreaHighGrayLevelEmphasis_right_lung,wavelet-HLL_glszm_SmallAreaLowGrayLevelEmphasis_right_lung,wavelet-HLL_glszm_ZoneEntropy_right_lung,wavelet-HLL_glszm_ZonePercentage_right_lung,wavelet-HLL_glszm_ZoneVariance_right_lung,wavelet-HLL_gldm_DependenceEntropy_right_lung,wavelet-HLL_gldm_DependenceNonUniformity_right_lung,wavelet-HLL_gldm_DependenceNonUniformityNormalized_right_lung,wavelet-HLL_gldm_DependenceVariance_right_lung,wavelet-HLL_gldm_GrayLevelNonUniformity_right_lung,wavelet-HLL_gldm_GrayLevelVariance_right_lung,wavelet-HLL_gldm_HighGrayLevelEmphasis_right_lung,wavelet-HLL_gldm_LargeDependenceEmphasis_right_lung,wavelet-HLL_gldm_LargeDependenceHighGrayLevelEmphasis_right_lung,wavelet-HLL_gldm_LargeDependenceLowGrayLevelEmphasis_right_lung,wavelet-HLL_gldm_LowGrayLevelEmphasis_right_lung,wavelet-HLL_gldm_SmallDependenceEmphasis_right_lung,wavelet-HLL_gldm_SmallDependenceHighGrayLevelEmphasis_right_lung,wavelet-HLL_gldm_SmallDependenceLowGrayLevelEmphasis_right_lung,wavelet-HLL_ngtdm_Busyness_right_lung,wavelet-HLL_ngtdm_Coarseness_right_lung,wavelet-HLL_ngtdm_Complexity_right_lung,wavelet-HLL_ngtdm_Contrast_right_lung,wavelet-HLL_ngtdm_Strength_right_lung,wavelet-HLH_firstorder_10Percentile_right_lung,wavelet-HLH_firstorder_90Percentile_right_lung,wavelet-HLH_firstorder_Energy_right_lung,wavelet-HLH_firstorder_Entropy_right_lung,wavelet-HLH_firstorder_InterquartileRange_right_lung,wavelet-HLH_firstorder_Kurtosis_right_lung,wavelet-HLH_firstorder_Maximum_right_lung,wavelet-HLH_firstorder_MeanAbsoluteDeviation_right_lung,wavelet-HLH_firstorder_Mean_right_lung,wavelet-HLH_firstorder_Median_right_lung,wavelet-HLH_firstorder_Minimum_right_lung,wavelet-HLH_firstorder_Range_right_lung,wavelet-HLH_firstorder_RobustMeanAbsoluteDeviation_right_lung,wavelet-HLH_firstorder_RootMeanSquared_right_lung,wavelet-HLH_firstorder_Skewness_right_lung,wavelet-HLH_firstorder_TotalEnergy_right_lung,wavelet-HLH_firstorder_Uniformity_right_lung,wavelet-HLH_firstorder_Variance_right_lung,wavelet-HLH_glcm_Autocorrelation_right_lung,wavelet-HLH_glcm_ClusterProminence_right_lung,wavelet-HLH_glcm_ClusterShade_right_lung,wavelet-HLH_glcm_ClusterTendency_right_lung,wavelet-HLH_glcm_Contrast_right_lung,wavelet-HLH_glcm_Correlation_right_lung,wavelet-HLH_glcm_DifferenceAverage_right_lung,wavelet-HLH_glcm_DifferenceEntropy_right_lung,wavelet-HLH_glcm_DifferenceVariance_right_lung,wavelet-HLH_glcm_Id_right_lung,wavelet-HLH_glcm_Idm_right_lung,wavelet-HLH_glcm_Idmn_right_lung,wavelet-HLH_glcm_Idn_right_lung,wavelet-HLH_glcm_Imc1_right_lung,wavelet-HLH_glcm_Imc2_right_lung,wavelet-HLH_glcm_InverseVariance_right_lung,wavelet-HLH_glcm_JointAverage_right_lung,wavelet-HLH_glcm_JointEnergy_right_lung,wavelet-HLH_glcm_JointEntropy_right_lung,wavelet-HLH_glcm_MCC_right_lung,wavelet-HLH_glcm_MaximumProbability_right_lung,wavelet-HLH_glcm_SumAverage_right_lung,wavelet-HLH_glcm_SumEntropy_right_lung,wavelet-HLH_glcm_SumSquares_right_lung,wavelet-HLH_glrlm_GrayLevelNonUniformity_right_lung,wavelet-HLH_glrlm_GrayLevelNonUniformityNormalized_right_lung,wavelet-HLH_glrlm_GrayLevelVariance_right_lung,wavelet-HLH_glrlm_HighGrayLevelRunEmphasis_right_lung,wavelet-HLH_glrlm_LongRunEmphasis_right_lung,wavelet-HLH_glrlm_LongRunHighGrayLevelEmphasis_right_lung,wavelet-HLH_glrlm_LongRunLowGrayLevelEmphasis_right_lung,wavelet-HLH_glrlm_LowGrayLevelRunEmphasis_right_lung,wavelet-HLH_glrlm_RunEntropy_right_lung,wavelet-HLH_glrlm_RunLengthNonUniformity_right_lung,wavelet-HLH_glrlm_RunLengthNonUniformityNormalized_right_lung,wavelet-HLH_glrlm_RunPercentage_right_lung,wavelet-HLH_glrlm_RunVariance_right_lung,wavelet-HLH_glrlm_ShortRunEmphasis_right_lung,wavelet-HLH_glrlm_ShortRunHighGrayLevelEmphasis_right_lung,wavelet-HLH_glrlm_ShortRunLowGrayLevelEmphasis_right_lung,wavelet-HLH_glszm_GrayLevelNonUniformity_right_lung,wavelet-HLH_glszm_GrayLevelNonUniformityNormalized_right_lung,wavelet-HLH_glszm_GrayLevelVariance_right_lung,wavelet-HLH_glszm_HighGrayLevelZoneEmphasis_right_lung,wavelet-HLH_glszm_LargeAreaEmphasis_right_lung,wavelet-HLH_glszm_LargeAreaHighGrayLevelEmphasis_right_lung,wavelet-HLH_glszm_LargeAreaLowGrayLevelEmphasis_right_lung,wavelet-HLH_glszm_LowGrayLevelZoneEmphasis_right_lung,wavelet-HLH_glszm_SizeZoneNonUniformity_right_lung,wavelet-HLH_glszm_SizeZoneNonUniformityNormalized_right_lung,wavelet-HLH_glszm_SmallAreaEmphasis_right_lung,wavelet-HLH_glszm_SmallAreaHighGrayLevelEmphasis_right_lung,wavelet-HLH_glszm_SmallAreaLowGrayLevelEmphasis_right_lung,wavelet-HLH_glszm_ZoneEntropy_right_lung,wavelet-HLH_glszm_ZonePercentage_right_lung,wavelet-HLH_glszm_ZoneVariance_right_lung,wavelet-HLH_gldm_DependenceEntropy_right_lung,wavelet-HLH_gldm_DependenceNonUniformity_right_lung,wavelet-HLH_gldm_DependenceNonUniformityNormalized_right_lung,wavelet-HLH_gldm_DependenceVariance_right_lung,wavelet-HLH_gldm_GrayLevelNonUniformity_right_lung,wavelet-HLH_gldm_GrayLevelVariance_right_lung,wavelet-HLH_gldm_HighGrayLevelEmphasis_right_lung,wavelet-HLH_gldm_LargeDependenceEmphasis_right_lung,wavelet-HLH_gldm_LargeDependenceHighGrayLevelEmphasis_right_lung,wavelet-HLH_gldm_LargeDependenceLowGrayLevelEmphasis_right_lung,wavelet-HLH_gldm_LowGrayLevelEmphasis_right_lung,wavelet-HLH_gldm_SmallDependenceEmphasis_right_lung,wavelet-HLH_gldm_SmallDependenceHighGrayLevelEmphasis_right_lung,wavelet-HLH_gldm_SmallDependenceLowGrayLevelEmphasis_right_lung,wavelet-HLH_ngtdm_Busyness_right_lung,wavelet-HLH_ngtdm_Coarseness_right_lung,wavelet-HLH_ngtdm_Complexity_right_lung,wavelet-HLH_ngtdm_Contrast_right_lung,wavelet-HLH_ngtdm_Strength_right_lung,wavelet-HHL_firstorder_10Percentile_right_lung,wavelet-HHL_firstorder_90Percentile_right_lung,wavelet-HHL_firstorder_Energy_right_lung,wavelet-HHL_firstorder_Entropy_right_lung,wavelet-HHL_firstorder_InterquartileRange_right_lung,wavelet-HHL_firstorder_Kurtosis_right_lung,wavelet-HHL_firstorder_Maximum_right_lung,wavelet-HHL_firstorder_MeanAbsoluteDeviation_right_lung,wavelet-HHL_firstorder_Mean_right_lung,wavelet-HHL_firstorder_Median_right_lung,wavelet-HHL_firstorder_Minimum_right_lung,wavelet-HHL_firstorder_Range_right_lung,wavelet-HHL_firstorder_RobustMeanAbsoluteDeviation_right_lung,wavelet-HHL_firstorder_RootMeanSquared_right_lung,wavelet-HHL_firstorder_Skewness_right_lung,wavelet-HHL_firstorder_TotalEnergy_right_lung,wavelet-HHL_firstorder_Uniformity_right_lung,wavelet-HHL_firstorder_Variance_right_lung,wavelet-HHL_glcm_Autocorrelation_right_lung,wavelet-HHL_glcm_ClusterProminence_right_lung,wavelet-HHL_glcm_ClusterShade_right_lung,wavelet-HHL_glcm_ClusterTendency_right_lung,wavelet-HHL_glcm_Contrast_right_lung,wavelet-HHL_glcm_Correlation_right_lung,wavelet-HHL_glcm_DifferenceAverage_right_lung,wavelet-HHL_glcm_DifferenceEntropy_right_lung,wavelet-HHL_glcm_DifferenceVariance_right_lung,wavelet-HHL_glcm_Id_right_lung,wavelet-HHL_glcm_Idm_right_lung,wavelet-HHL_glcm_Idmn_right_lung,wavelet-HHL_glcm_Idn_right_lung,wavelet-HHL_glcm_Imc1_right_lung,wavelet-HHL_glcm_Imc2_right_lung,wavelet-HHL_glcm_InverseVariance_right_lung,wavelet-HHL_glcm_JointAverage_right_lung,wavelet-HHL_glcm_JointEnergy_right_lung,wavelet-HHL_glcm_JointEntropy_right_lung,wavelet-HHL_glcm_MCC_right_lung,wavelet-HHL_glcm_MaximumProbability_right_lung,wavelet-HHL_glcm_SumAverage_right_lung,wavelet-HHL_glcm_SumEntropy_right_lung,wavelet-HHL_glcm_SumSquares_right_lung,wavelet-HHL_glrlm_GrayLevelNonUniformity_right_lung,wavelet-HHL_glrlm_GrayLevelNonUniformityNormalized_right_lung,wavelet-HHL_glrlm_GrayLevelVariance_right_lung,wavelet-HHL_glrlm_HighGrayLevelRunEmphasis_right_lung,wavelet-HHL_glrlm_LongRunEmphasis_right_lung,wavelet-HHL_glrlm_LongRunHighGrayLevelEmphasis_right_lung,wavelet-HHL_glrlm_LongRunLowGrayLevelEmphasis_right_lung,wavelet-HHL_glrlm_LowGrayLevelRunEmphasis_right_lung,wavelet-HHL_glrlm_RunEntropy_right_lung,wavelet-HHL_glrlm_RunLengthNonUniformity_right_lung,wavelet-HHL_glrlm_RunLengthNonUniformityNormalized_right_lung,wavelet-HHL_glrlm_RunPercentage_right_lung,wavelet-HHL_glrlm_RunVariance_right_lung,wavelet-HHL_glrlm_ShortRunEmphasis_right_lung,wavelet-HHL_glrlm_ShortRunHighGrayLevelEmphasis_right_lung,wavelet-HHL_glrlm_ShortRunLowGrayLevelEmphasis_right_lung,wavelet-HHL_glszm_GrayLevelNonUniformity_right_lung,wavelet-HHL_glszm_GrayLevelNonUniformityNormalized_right_lung,wavelet-HHL_glszm_GrayLevelVariance_right_lung,wavelet-HHL_glszm_HighGrayLevelZoneEmphasis_right_lung,wavelet-HHL_glszm_LargeAreaEmphasis_right_lung,wavelet-HHL_glszm_LargeAreaHighGrayLevelEmphasis_right_lung,wavelet-HHL_glszm_LargeAreaLowGrayLevelEmphasis_right_lung,wavelet-HHL_glszm_LowGrayLevelZoneEmphasis_right_lung,wavelet-HHL_glszm_SizeZoneNonUniformity_right_lung,wavelet-HHL_glszm_SizeZoneNonUniformityNormalized_right_lung,wavelet-HHL_glszm_SmallAreaEmphasis_right_lung,wavelet-HHL_glszm_SmallAreaHighGrayLevelEmphasis_right_lung,wavelet-HHL_glszm_SmallAreaLowGrayLevelEmphasis_right_lung,wavelet-HHL_glszm_ZoneEntropy_right_lung,wavelet-HHL_glszm_ZonePercentage_right_lung,wavelet-HHL_glszm_ZoneVariance_right_lung,wavelet-HHL_gldm_DependenceEntropy_right_lung,wavelet-HHL_gldm_DependenceNonUniformity_right_lung,wavelet-HHL_gldm_DependenceNonUniformityNormalized_right_lung,wavelet-HHL_gldm_DependenceVariance_right_lung,wavelet-HHL_gldm_GrayLevelNonUniformity_right_lung,wavelet-HHL_gldm_GrayLevelVariance_right_lung,wavelet-HHL_gldm_HighGrayLevelEmphasis_right_lung,wavelet-HHL_gldm_LargeDependenceEmphasis_right_lung,wavelet-HHL_gldm_LargeDependenceHighGrayLevelEmphasis_right_lung,wavelet-HHL_gldm_LargeDependenceLowGrayLevelEmphasis_right_lung,wavelet-HHL_gldm_LowGrayLevelEmphasis_right_lung,wavelet-HHL_gldm_SmallDependenceEmphasis_right_lung,wavelet-HHL_gldm_SmallDependenceHighGrayLevelEmphasis_right_lung,wavelet-HHL_gldm_SmallDependenceLowGrayLevelEmphasis_right_lung,wavelet-HHL_ngtdm_Busyness_right_lung,wavelet-HHL_ngtdm_Coarseness_right_lung,wavelet-HHL_ngtdm_Complexity_right_lung,wavelet-HHL_ngtdm_Contrast_right_lung,wavelet-HHL_ngtdm_Strength_right_lung,wavelet-HHH_firstorder_10Percentile_right_lung,wavelet-HHH_firstorder_90Percentile_right_lung,wavelet-HHH_firstorder_Energy_right_lung,wavelet-HHH_firstorder_Entropy_right_lung,wavelet-HHH_firstorder_InterquartileRange_right_lung,wavelet-HHH_firstorder_Kurtosis_right_lung,wavelet-HHH_firstorder_Maximum_right_lung,wavelet-HHH_firstorder_MeanAbsoluteDeviation_right_lung,wavelet-HHH_firstorder_Mean_right_lung,wavelet-HHH_firstorder_Median_right_lung,wavelet-HHH_firstorder_Minimum_right_lung,wavelet-HHH_firstorder_Range_right_lung,wavelet-HHH_firstorder_RobustMeanAbsoluteDeviation_right_lung,wavelet-HHH_firstorder_RootMeanSquared_right_lung,wavelet-HHH_firstorder_Skewness_right_lung,wavelet-HHH_firstorder_TotalEnergy_right_lung,wavelet-HHH_firstorder_Uniformity_right_lung,wavelet-HHH_firstorder_Variance_right_lung,wavelet-HHH_glcm_Autocorrelation_right_lung,wavelet-HHH_glcm_ClusterProminence_right_lung,wavelet-HHH_glcm_ClusterShade_right_lung,wavelet-HHH_glcm_ClusterTendency_right_lung,wavelet-HHH_glcm_Contrast_right_lung,wavelet-HHH_glcm_Correlation_right_lung,wavelet-HHH_glcm_DifferenceAverage_right_lung,wavelet-HHH_glcm_DifferenceEntropy_right_lung,wavelet-HHH_glcm_DifferenceVariance_right_lung,wavelet-HHH_glcm_Id_right_lung,wavelet-HHH_glcm_Idm_right_lung,wavelet-HHH_glcm_Idmn_right_lung,wavelet-HHH_glcm_Idn_right_lung,wavelet-HHH_glcm_Imc1_right_lung,wavelet-HHH_glcm_Imc2_right_lung,wavelet-HHH_glcm_InverseVariance_right_lung,wavelet-HHH_glcm_JointAverage_right_lung,wavelet-HHH_glcm_JointEnergy_right_lung,wavelet-HHH_glcm_JointEntropy_right_lung,wavelet-HHH_glcm_MCC_right_lung,wavelet-HHH_glcm_MaximumProbability_right_lung,wavelet-HHH_glcm_SumAverage_right_lung,wavelet-HHH_glcm_SumEntropy_right_lung,wavelet-HHH_glcm_SumSquares_right_lung,wavelet-HHH_glrlm_GrayLevelNonUniformity_right_lung,wavelet-HHH_glrlm_GrayLevelNonUniformityNormalized_right_lung,wavelet-HHH_glrlm_GrayLevelVariance_right_lung,wavelet-HHH_glrlm_HighGrayLevelRunEmphasis_right_lung,wavelet-HHH_glrlm_LongRunEmphasis_right_lung,wavelet-HHH_glrlm_LongRunHighGrayLevelEmphasis_right_lung,wavelet-HHH_glrlm_LongRunLowGrayLevelEmphasis_right_lung,wavelet-HHH_glrlm_LowGrayLevelRunEmphasis_right_lung,wavelet-HHH_glrlm_RunEntropy_right_lung,wavelet-HHH_glrlm_RunLengthNonUniformity_right_lung,wavelet-HHH_glrlm_RunLengthNonUniformityNormalized_right_lung,wavelet-HHH_glrlm_RunPercentage_right_lung,wavelet-HHH_glrlm_RunVariance_right_lung,wavelet-HHH_glrlm_ShortRunEmphasis_right_lung,wavelet-HHH_glrlm_ShortRunHighGrayLevelEmphasis_right_lung,wavelet-HHH_glrlm_ShortRunLowGrayLevelEmphasis_right_lung,wavelet-HHH_glszm_GrayLevelNonUniformity_right_lung,wavelet-HHH_glszm_GrayLevelNonUniformityNormalized_right_lung,wavelet-HHH_glszm_GrayLevelVariance_right_lung,wavelet-HHH_glszm_HighGrayLevelZoneEmphasis_right_lung,wavelet-HHH_glszm_LargeAreaEmphasis_right_lung,wavelet-HHH_glszm_LargeAreaHighGrayLevelEmphasis_right_lung,wavelet-HHH_glszm_LargeAreaLowGrayLevelEmphasis_right_lung,wavelet-HHH_glszm_LowGrayLevelZoneEmphasis_right_lung,wavelet-HHH_glszm_SizeZoneNonUniformity_right_lung,wavelet-HHH_glszm_SizeZoneNonUniformityNormalized_right_lung,wavelet-HHH_glszm_SmallAreaEmphasis_right_lung,wavelet-HHH_glszm_SmallAreaHighGrayLevelEmphasis_right_lung,wavelet-HHH_glszm_SmallAreaLowGrayLevelEmphasis_right_lung,wavelet-HHH_glszm_ZoneEntropy_right_lung,wavelet-HHH_glszm_ZonePercentage_right_lung,wavelet-HHH_glszm_ZoneVariance_right_lung,wavelet-HHH_gldm_DependenceEntropy_right_lung,wavelet-HHH_gldm_DependenceNonUniformity_right_lung,wavelet-HHH_gldm_DependenceNonUniformityNormalized_right_lung,wavelet-HHH_gldm_DependenceVariance_right_lung,wavelet-HHH_gldm_GrayLevelNonUniformity_right_lung,wavelet-HHH_gldm_GrayLevelVariance_right_lung,wavelet-HHH_gldm_HighGrayLevelEmphasis_right_lung,wavelet-HHH_gldm_LargeDependenceEmphasis_right_lung,wavelet-HHH_gldm_LargeDependenceHighGrayLevelEmphasis_right_lung,wavelet-HHH_gldm_LargeDependenceLowGrayLevelEmphasis_right_lung,wavelet-HHH_gldm_LowGrayLevelEmphasis_right_lung,wavelet-HHH_gldm_SmallDependenceEmphasis_right_lung,wavelet-HHH_gldm_SmallDependenceHighGrayLevelEmphasis_right_lung,wavelet-HHH_gldm_SmallDependenceLowGrayLevelEmphasis_right_lung,wavelet-HHH_ngtdm_Busyness_right_lung,wavelet-HHH_ngtdm_Coarseness_right_lung,wavelet-HHH_ngtdm_Complexity_right_lung,wavelet-HHH_ngtdm_Contrast_right_lung,wavelet-HHH_ngtdm_Strength_right_lung,wavelet-LLL_firstorder_10Percentile_right_lung,wavelet-LLL_firstorder_90Percentile_right_lung,wavelet-LLL_firstorder_Energy_right_lung,wavelet-LLL_firstorder_Entropy_right_lung,wavelet-LLL_firstorder_InterquartileRange_right_lung,wavelet-LLL_firstorder_Kurtosis_right_lung,wavelet-LLL_firstorder_Maximum_right_lung,wavelet-LLL_firstorder_MeanAbsoluteDeviation_right_lung,wavelet-LLL_firstorder_Mean_right_lung,wavelet-LLL_firstorder_Median_right_lung,wavelet-LLL_firstorder_Minimum_right_lung,wavelet-LLL_firstorder_Range_right_lung,wavelet-LLL_firstorder_RobustMeanAbsoluteDeviation_right_lung,wavelet-LLL_firstorder_RootMeanSquared_right_lung,wavelet-LLL_firstorder_Skewness_right_lung,wavelet-LLL_firstorder_TotalEnergy_right_lung,wavelet-LLL_firstorder_Uniformity_right_lung,wavelet-LLL_firstorder_Variance_right_lung,wavelet-LLL_glcm_Autocorrelation_right_lung,wavelet-LLL_glcm_ClusterProminence_right_lung,wavelet-LLL_glcm_ClusterShade_right_lung,wavelet-LLL_glcm_ClusterTendency_right_lung,wavelet-LLL_glcm_Contrast_right_lung,wavelet-LLL_glcm_Correlation_right_lung,wavelet-LLL_glcm_DifferenceAverage_right_lung,wavelet-LLL_glcm_DifferenceEntropy_right_lung,wavelet-LLL_glcm_DifferenceVariance_right_lung,wavelet-LLL_glcm_Id_right_lung,wavelet-LLL_glcm_Idm_right_lung,wavelet-LLL_glcm_Idmn_right_lung,wavelet-LLL_glcm_Idn_right_lung,wavelet-LLL_glcm_Imc1_right_lung,wavelet-LLL_glcm_Imc2_right_lung,wavelet-LLL_glcm_InverseVariance_right_lung,wavelet-LLL_glcm_JointAverage_right_lung,wavelet-LLL_glcm_JointEnergy_right_lung,wavelet-LLL_glcm_JointEntropy_right_lung,wavelet-LLL_glcm_MCC_right_lung,wavelet-LLL_glcm_MaximumProbability_right_lung,wavelet-LLL_glcm_SumAverage_right_lung,wavelet-LLL_glcm_SumEntropy_right_lung,wavelet-LLL_glcm_SumSquares_right_lung,wavelet-LLL_glrlm_GrayLevelNonUniformity_right_lung,wavelet-LLL_glrlm_GrayLevelNonUniformityNormalized_right_lung,wavelet-LLL_glrlm_GrayLevelVariance_right_lung,wavelet-LLL_glrlm_HighGrayLevelRunEmphasis_right_lung,wavelet-LLL_glrlm_LongRunEmphasis_right_lung,wavelet-LLL_glrlm_LongRunHighGrayLevelEmphasis_right_lung,wavelet-LLL_glrlm_LongRunLowGrayLevelEmphasis_right_lung,wavelet-LLL_glrlm_LowGrayLevelRunEmphasis_right_lung,wavelet-LLL_glrlm_RunEntropy_right_lung,wavelet-LLL_glrlm_RunLengthNonUniformity_right_lung,wavelet-LLL_glrlm_RunLengthNonUniformityNormalized_right_lung,wavelet-LLL_glrlm_RunPercentage_right_lung,wavelet-LLL_glrlm_RunVariance_right_lung,wavelet-LLL_glrlm_ShortRunEmphasis_right_lung,wavelet-LLL_glrlm_ShortRunHighGrayLevelEmphasis_right_lung,wavelet-LLL_glrlm_ShortRunLowGrayLevelEmphasis_right_lung,wavelet-LLL_glszm_GrayLevelNonUniformity_right_lung,wavelet-LLL_glszm_GrayLevelNonUniformityNormalized_right_lung,wavelet-LLL_glszm_GrayLevelVariance_right_lung,wavelet-LLL_glszm_HighGrayLevelZoneEmphasis_right_lung,wavelet-LLL_glszm_LargeAreaEmphasis_right_lung,wavelet-LLL_glszm_LargeAreaHighGrayLevelEmphasis_right_lung,wavelet-LLL_glszm_LargeAreaLowGrayLevelEmphasis_right_lung,wavelet-LLL_glszm_LowGrayLevelZoneEmphasis_right_lung,wavelet-LLL_glszm_SizeZoneNonUniformity_right_lung,wavelet-LLL_glszm_SizeZoneNonUniformityNormalized_right_lung,wavelet-LLL_glszm_SmallAreaEmphasis_right_lung,wavelet-LLL_glszm_SmallAreaHighGrayLevelEmphasis_right_lung,wavelet-LLL_glszm_SmallAreaLowGrayLevelEmphasis_right_lung,wavelet-LLL_glszm_ZoneEntropy_right_lung,wavelet-LLL_glszm_ZonePercentage_right_lung,wavelet-LLL_glszm_ZoneVariance_right_lung,wavelet-LLL_gldm_DependenceEntropy_right_lung,wavelet-LLL_gldm_DependenceNonUniformity_right_lung,wavelet-LLL_gldm_DependenceNonUniformityNormalized_right_lung,wavelet-LLL_gldm_DependenceVariance_right_lung,wavelet-LLL_gldm_GrayLevelNonUniformity_right_lung,wavelet-LLL_gldm_GrayLevelVariance_right_lung,wavelet-LLL_gldm_HighGrayLevelEmphasis_right_lung,wavelet-LLL_gldm_LargeDependenceEmphasis_right_lung,wavelet-LLL_gldm_LargeDependenceHighGrayLevelEmphasis_right_lung,wavelet-LLL_gldm_LargeDependenceLowGrayLevelEmphasis_right_lung,wavelet-LLL_gldm_LowGrayLevelEmphasis_right_lung,wavelet-LLL_gldm_SmallDependenceEmphasis_right_lung,wavelet-LLL_gldm_SmallDependenceHighGrayLevelEmphasis_right_lung,wavelet-LLL_gldm_SmallDependenceLowGrayLevelEmphasis_right_lung,wavelet-LLL_ngtdm_Busyness_right_lung,wavelet-LLL_ngtdm_Coarseness_right_lung,wavelet-LLL_ngtdm_Complexity_right_lung,wavelet-LLL_ngtdm_Contrast_right_lung,wavelet-LLL_ngtdm_Strength_right_lung,log-sigma-1-0-mm-3D_firstorder_10Percentile_right_lung,log-sigma-1-0-mm-3D_firstorder_90Percentile_right_lung,log-sigma-1-0-mm-3D_firstorder_Energy_right_lung,log-sigma-1-0-mm-3D_firstorder_Entropy_right_lung,log-sigma-1-0-mm-3D_firstorder_InterquartileRange_right_lung,log-sigma-1-0-mm-3D_firstorder_Kurtosis_right_lung,log-sigma-1-0-mm-3D_firstorder_Maximum_right_lung,log-sigma-1-0-mm-3D_firstorder_MeanAbsoluteDeviation_right_lung,log-sigma-1-0-mm-3D_firstorder_Mean_right_lung,log-sigma-1-0-mm-3D_firstorder_Median_right_lung,log-sigma-1-0-mm-3D_firstorder_Minimum_right_lung,log-sigma-1-0-mm-3D_firstorder_Range_right_lung,log-sigma-1-0-mm-3D_firstorder_RobustMeanAbsoluteDeviation_right_lung,log-sigma-1-0-mm-3D_firstorder_RootMeanSquared_right_lung,log-sigma-1-0-mm-3D_firstorder_Skewness_right_lung,log-sigma-1-0-mm-3D_firstorder_TotalEnergy_right_lung,log-sigma-1-0-mm-3D_firstorder_Uniformity_right_lung,log-sigma-1-0-mm-3D_firstorder_Variance_right_lung,log-sigma-1-0-mm-3D_glcm_Autocorrelation_right_lung,log-sigma-1-0-mm-3D_glcm_ClusterProminence_right_lung,log-sigma-1-0-mm-3D_glcm_ClusterShade_right_lung,log-sigma-1-0-mm-3D_glcm_ClusterTendency_right_lung,log-sigma-1-0-mm-3D_glcm_Contrast_right_lung,log-sigma-1-0-mm-3D_glcm_Correlation_right_lung,log-sigma-1-0-mm-3D_glcm_DifferenceAverage_right_lung,log-sigma-1-0-mm-3D_glcm_DifferenceEntropy_right_lung,log-sigma-1-0-mm-3D_glcm_DifferenceVariance_right_lung,log-sigma-1-0-mm-3D_glcm_Id_right_lung,log-sigma-1-0-mm-3D_glcm_Idm_right_lung,log-sigma-1-0-mm-3D_glcm_Idmn_right_lung,log-sigma-1-0-mm-3D_glcm_Idn_right_lung,log-sigma-1-0-mm-3D_glcm_Imc1_right_lung,log-sigma-1-0-mm-3D_glcm_Imc2_right_lung,log-sigma-1-0-mm-3D_glcm_InverseVariance_right_lung,log-sigma-1-0-mm-3D_glcm_JointAverage_right_lung,log-sigma-1-0-mm-3D_glcm_JointEnergy_right_lung,log-sigma-1-0-mm-3D_glcm_JointEntropy_right_lung,log-sigma-1-0-mm-3D_glcm_MCC_right_lung,log-sigma-1-0-mm-3D_glcm_MaximumProbability_right_lung,log-sigma-1-0-mm-3D_glcm_SumAverage_right_lung,log-sigma-1-0-mm-3D_glcm_SumEntropy_right_lung,log-sigma-1-0-mm-3D_glcm_SumSquares_right_lung,log-sigma-1-0-mm-3D_glrlm_GrayLevelNonUniformity_right_lung,log-sigma-1-0-mm-3D_glrlm_GrayLevelNonUniformityNormalized_right_lung,log-sigma-1-0-mm-3D_glrlm_GrayLevelVariance_right_lung,log-sigma-1-0-mm-3D_glrlm_HighGrayLevelRunEmphasis_right_lung,log-sigma-1-0-mm-3D_glrlm_LongRunEmphasis_right_lung,log-sigma-1-0-mm-3D_glrlm_LongRunHighGrayLevelEmphasis_right_lung,log-sigma-1-0-mm-3D_glrlm_LongRunLowGrayLevelEmphasis_right_lung,log-sigma-1-0-mm-3D_glrlm_LowGrayLevelRunEmphasis_right_lung,log-sigma-1-0-mm-3D_glrlm_RunEntropy_right_lung,log-sigma-1-0-mm-3D_glrlm_RunLengthNonUniformity_right_lung,log-sigma-1-0-mm-3D_glrlm_RunLengthNonUniformityNormalized_right_lung,log-sigma-1-0-mm-3D_glrlm_RunPercentage_right_lung,log-sigma-1-0-mm-3D_glrlm_RunVariance_right_lung,log-sigma-1-0-mm-3D_glrlm_ShortRunEmphasis_right_lung,log-sigma-1-0-mm-3D_glrlm_ShortRunHighGrayLevelEmphasis_right_lung,log-sigma-1-0-mm-3D_glrlm_ShortRunLowGrayLevelEmphasis_right_lung,log-sigma-1-0-mm-3D_glszm_GrayLevelNonUniformity_right_lung,log-sigma-1-0-mm-3D_glszm_GrayLevelNonUniformityNormalized_right_lung,log-sigma-1-0-mm-3D_glszm_GrayLevelVariance_right_lung,log-sigma-1-0-mm-3D_glszm_HighGrayLevelZoneEmphasis_right_lung,log-sigma-1-0-mm-3D_glszm_LargeAreaEmphasis_right_lung,log-sigma-1-0-mm-3D_glszm_LargeAreaHighGrayLevelEmphasis_right_lung,log-sigma-1-0-mm-3D_glszm_LargeAreaLowGrayLevelEmphasis_right_lung,log-sigma-1-0-mm-3D_glszm_LowGrayLevelZoneEmphasis_right_lung,log-sigma-1-0-mm-3D_glszm_SizeZoneNonUniformity_right_lung,log-sigma-1-0-mm-3D_glszm_SizeZoneNonUniformityNormalized_right_lung,log-sigma-1-0-mm-3D_glszm_SmallAreaEmphasis_right_lung,log-sigma-1-0-mm-3D_glszm_SmallAreaHighGrayLevelEmphasis_right_lung,log-sigma-1-0-mm-3D_glszm_SmallAreaLowGrayLevelEmphasis_right_lung,log-sigma-1-0-mm-3D_glszm_ZoneEntropy_right_lung,log-sigma-1-0-mm-3D_glszm_ZonePercentage_right_lung,log-sigma-1-0-mm-3D_glszm_ZoneVariance_right_lung,log-sigma-1-0-mm-3D_gldm_DependenceEntropy_right_lung,log-sigma-1-0-mm-3D_gldm_DependenceNonUniformity_right_lung,log-sigma-1-0-mm-3D_gldm_DependenceNonUniformityNormalized_right_lung,log-sigma-1-0-mm-3D_gldm_DependenceVariance_right_lung,log-sigma-1-0-mm-3D_gldm_GrayLevelNonUniformity_right_lung,log-sigma-1-0-mm-3D_gldm_GrayLevelVariance_right_lung,log-sigma-1-0-mm-3D_gldm_HighGrayLevelEmphasis_right_lung,log-sigma-1-0-mm-3D_gldm_LargeDependenceEmphasis_right_lung,log-sigma-1-0-mm-3D_gldm_LargeDependenceHighGrayLevelEmphasis_right_lung,log-sigma-1-0-mm-3D_gldm_LargeDependenceLowGrayLevelEmphasis_right_lung,log-sigma-1-0-mm-3D_gldm_LowGrayLevelEmphasis_right_lung,log-sigma-1-0-mm-3D_gldm_SmallDependenceEmphasis_right_lung,log-sigma-1-0-mm-3D_gldm_SmallDependenceHighGrayLevelEmphasis_right_lung,log-sigma-1-0-mm-3D_gldm_SmallDependenceLowGrayLevelEmphasis_right_lung,log-sigma-1-0-mm-3D_ngtdm_Busyness_right_lung,log-sigma-1-0-mm-3D_ngtdm_Coarseness_right_lung,log-sigma-1-0-mm-3D_ngtdm_Complexity_right_lung,log-sigma-1-0-mm-3D_ngtdm_Contrast_right_lung,log-sigma-1-0-mm-3D_ngtdm_Strength_right_lung,log-sigma-2-0-mm-3D_firstorder_10Percentile_right_lung,log-sigma-2-0-mm-3D_firstorder_90Percentile_right_lung,log-sigma-2-0-mm-3D_firstorder_Energy_right_lung,log-sigma-2-0-mm-3D_firstorder_Entropy_right_lung,log-sigma-2-0-mm-3D_firstorder_InterquartileRange_right_lung,log-sigma-2-0-mm-3D_firstorder_Kurtosis_right_lung,log-sigma-2-0-mm-3D_firstorder_Maximum_right_lung,log-sigma-2-0-mm-3D_firstorder_MeanAbsoluteDeviation_right_lung,log-sigma-2-0-mm-3D_firstorder_Mean_right_lung,log-sigma-2-0-mm-3D_firstorder_Median_right_lung,log-sigma-2-0-mm-3D_firstorder_Minimum_right_lung,log-sigma-2-0-mm-3D_firstorder_Range_right_lung,log-sigma-2-0-mm-3D_firstorder_RobustMeanAbsoluteDeviation_right_lung,log-sigma-2-0-mm-3D_firstorder_RootMeanSquared_right_lung,log-sigma-2-0-mm-3D_firstorder_Skewness_right_lung,log-sigma-2-0-mm-3D_firstorder_TotalEnergy_right_lung,log-sigma-2-0-mm-3D_firstorder_Uniformity_right_lung,log-sigma-2-0-mm-3D_firstorder_Variance_right_lung,log-sigma-2-0-mm-3D_glcm_Autocorrelation_right_lung,log-sigma-2-0-mm-3D_glcm_ClusterProminence_right_lung,log-sigma-2-0-mm-3D_glcm_ClusterShade_right_lung,log-sigma-2-0-mm-3D_glcm_ClusterTendency_right_lung,log-sigma-2-0-mm-3D_glcm_Contrast_right_lung,log-sigma-2-0-mm-3D_glcm_Correlation_right_lung,log-sigma-2-0-mm-3D_glcm_DifferenceAverage_right_lung,log-sigma-2-0-mm-3D_glcm_DifferenceEntropy_right_lung,log-sigma-2-0-mm-3D_glcm_DifferenceVariance_right_lung,log-sigma-2-0-mm-3D_glcm_Id_right_lung,log-sigma-2-0-mm-3D_glcm_Idm_right_lung,log-sigma-2-0-mm-3D_glcm_Idmn_right_lung,log-sigma-2-0-mm-3D_glcm_Idn_right_lung,log-sigma-2-0-mm-3D_glcm_Imc1_right_lung,log-sigma-2-0-mm-3D_glcm_Imc2_right_lung,log-sigma-2-0-mm-3D_glcm_InverseVariance_right_lung,log-sigma-2-0-mm-3D_glcm_JointAverage_right_lung,log-sigma-2-0-mm-3D_glcm_JointEnergy_right_lung,log-sigma-2-0-mm-3D_glcm_JointEntropy_right_lung,log-sigma-2-0-mm-3D_glcm_MCC_right_lung,log-sigma-2-0-mm-3D_glcm_MaximumProbability_right_lung,log-sigma-2-0-mm-3D_glcm_SumAverage_right_lung,log-sigma-2-0-mm-3D_glcm_SumEntropy_right_lung,log-sigma-2-0-mm-3D_glcm_SumSquares_right_lung,log-sigma-2-0-mm-3D_glrlm_GrayLevelNonUniformity_right_lung,log-sigma-2-0-mm-3D_glrlm_GrayLevelNonUniformityNormalized_right_lung,log-sigma-2-0-mm-3D_glrlm_GrayLevelVariance_right_lung,log-sigma-2-0-mm-3D_glrlm_HighGrayLevelRunEmphasis_right_lung,log-sigma-2-0-mm-3D_glrlm_LongRunEmphasis_right_lung,log-sigma-2-0-mm-3D_glrlm_LongRunHighGrayLevelEmphasis_right_lung,log-sigma-2-0-mm-3D_glrlm_LongRunLowGrayLevelEmphasis_right_lung,log-sigma-2-0-mm-3D_glrlm_LowGrayLevelRunEmphasis_right_lung,log-sigma-2-0-mm-3D_glrlm_RunEntropy_right_lung,log-sigma-2-0-mm-3D_glrlm_RunLengthNonUniformity_right_lung,log-sigma-2-0-mm-3D_glrlm_RunLengthNonUniformityNormalized_right_lung,log-sigma-2-0-mm-3D_glrlm_RunPercentage_right_lung,log-sigma-2-0-mm-3D_glrlm_RunVariance_right_lung,log-sigma-2-0-mm-3D_glrlm_ShortRunEmphasis_right_lung,log-sigma-2-0-mm-3D_glrlm_ShortRunHighGrayLevelEmphasis_right_lung,log-sigma-2-0-mm-3D_glrlm_ShortRunLowGrayLevelEmphasis_right_lung,log-sigma-2-0-mm-3D_glszm_GrayLevelNonUniformity_right_lung,log-sigma-2-0-mm-3D_glszm_GrayLevelNonUniformityNormalized_right_lung,log-sigma-2-0-mm-3D_glszm_GrayLevelVariance_right_lung,log-sigma-2-0-mm-3D_glszm_HighGrayLevelZoneEmphasis_right_lung,log-sigma-2-0-mm-3D_glszm_LargeAreaEmphasis_right_lung,log-sigma-2-0-mm-3D_glszm_LargeAreaHighGrayLevelEmphasis_right_lung,log-sigma-2-0-mm-3D_glszm_LargeAreaLowGrayLevelEmphasis_right_lung,log-sigma-2-0-mm-3D_glszm_LowGrayLevelZoneEmphasis_right_lung,log-sigma-2-0-mm-3D_glszm_SizeZoneNonUniformity_right_lung,log-sigma-2-0-mm-3D_glszm_SizeZoneNonUniformityNormalized_right_lung,log-sigma-2-0-mm-3D_glszm_SmallAreaEmphasis_right_lung,log-sigma-2-0-mm-3D_glszm_SmallAreaHighGrayLevelEmphasis_right_lung,log-sigma-2-0-mm-3D_glszm_SmallAreaLowGrayLevelEmphasis_right_lung,log-sigma-2-0-mm-3D_glszm_ZoneEntropy_right_lung,log-sigma-2-0-mm-3D_glszm_ZonePercentage_right_lung,log-sigma-2-0-mm-3D_glszm_ZoneVariance_right_lung,log-sigma-2-0-mm-3D_gldm_DependenceEntropy_right_lung,log-sigma-2-0-mm-3D_gldm_DependenceNonUniformity_right_lung,log-sigma-2-0-mm-3D_gldm_DependenceNonUniformityNormalized_right_lung,log-sigma-2-0-mm-3D_gldm_DependenceVariance_right_lung,log-sigma-2-0-mm-3D_gldm_GrayLevelNonUniformity_right_lung,log-sigma-2-0-mm-3D_gldm_GrayLevelVariance_right_lung,log-sigma-2-0-mm-3D_gldm_HighGrayLevelEmphasis_right_lung,log-sigma-2-0-mm-3D_gldm_LargeDependenceEmphasis_right_lung,log-sigma-2-0-mm-3D_gldm_LargeDependenceHighGrayLevelEmphasis_right_lung,log-sigma-2-0-mm-3D_gldm_LargeDependenceLowGrayLevelEmphasis_right_lung,log-sigma-2-0-mm-3D_gldm_LowGrayLevelEmphasis_right_lung,log-sigma-2-0-mm-3D_gldm_SmallDependenceEmphasis_right_lung,log-sigma-2-0-mm-3D_gldm_SmallDependenceHighGrayLevelEmphasis_right_lung,log-sigma-2-0-mm-3D_gldm_SmallDependenceLowGrayLevelEmphasis_right_lung,log-sigma-2-0-mm-3D_ngtdm_Busyness_right_lung,log-sigma-2-0-mm-3D_ngtdm_Coarseness_right_lung,log-sigma-2-0-mm-3D_ngtdm_Complexity_right_lung,log-sigma-2-0-mm-3D_ngtdm_Contrast_right_lung,log-sigma-2-0-mm-3D_ngtdm_Strength_right_lung,log-sigma-3-0-mm-3D_firstorder_10Percentile_right_lung,log-sigma-3-0-mm-3D_firstorder_90Percentile_right_lung,log-sigma-3-0-mm-3D_firstorder_Energy_right_lung,log-sigma-3-0-mm-3D_firstorder_Entropy_right_lung,log-sigma-3-0-mm-3D_firstorder_InterquartileRange_right_lung,log-sigma-3-0-mm-3D_firstorder_Kurtosis_right_lung,log-sigma-3-0-mm-3D_firstorder_Maximum_right_lung,log-sigma-3-0-mm-3D_firstorder_MeanAbsoluteDeviation_right_lung,log-sigma-3-0-mm-3D_firstorder_Mean_right_lung,log-sigma-3-0-mm-3D_firstorder_Median_right_lung,log-sigma-3-0-mm-3D_firstorder_Minimum_right_lung,log-sigma-3-0-mm-3D_firstorder_Range_right_lung,log-sigma-3-0-mm-3D_firstorder_RobustMeanAbsoluteDeviation_right_lung,log-sigma-3-0-mm-3D_firstorder_RootMeanSquared_right_lung,log-sigma-3-0-mm-3D_firstorder_Skewness_right_lung,log-sigma-3-0-mm-3D_firstorder_TotalEnergy_right_lung,log-sigma-3-0-mm-3D_firstorder_Uniformity_right_lung,log-sigma-3-0-mm-3D_firstorder_Variance_right_lung,log-sigma-3-0-mm-3D_glcm_Autocorrelation_right_lung,log-sigma-3-0-mm-3D_glcm_ClusterProminence_right_lung,log-sigma-3-0-mm-3D_glcm_ClusterShade_right_lung,log-sigma-3-0-mm-3D_glcm_ClusterTendency_right_lung,log-sigma-3-0-mm-3D_glcm_Contrast_right_lung,log-sigma-3-0-mm-3D_glcm_Correlation_right_lung,log-sigma-3-0-mm-3D_glcm_DifferenceAverage_right_lung,log-sigma-3-0-mm-3D_glcm_DifferenceEntropy_right_lung,log-sigma-3-0-mm-3D_glcm_DifferenceVariance_right_lung,log-sigma-3-0-mm-3D_glcm_Id_right_lung,log-sigma-3-0-mm-3D_glcm_Idm_right_lung,log-sigma-3-0-mm-3D_glcm_Idmn_right_lung,log-sigma-3-0-mm-3D_glcm_Idn_right_lung,log-sigma-3-0-mm-3D_glcm_Imc1_right_lung,log-sigma-3-0-mm-3D_glcm_Imc2_right_lung,log-sigma-3-0-mm-3D_glcm_InverseVariance_right_lung,log-sigma-3-0-mm-3D_glcm_JointAverage_right_lung,log-sigma-3-0-mm-3D_glcm_JointEnergy_right_lung,log-sigma-3-0-mm-3D_glcm_JointEntropy_right_lung,log-sigma-3-0-mm-3D_glcm_MCC_right_lung,log-sigma-3-0-mm-3D_glcm_MaximumProbability_right_lung,log-sigma-3-0-mm-3D_glcm_SumAverage_right_lung,log-sigma-3-0-mm-3D_glcm_SumEntropy_right_lung,log-sigma-3-0-mm-3D_glcm_SumSquares_right_lung,log-sigma-3-0-mm-3D_glrlm_GrayLevelNonUniformity_right_lung,log-sigma-3-0-mm-3D_glrlm_GrayLevelNonUniformityNormalized_right_lung,log-sigma-3-0-mm-3D_glrlm_GrayLevelVariance_right_lung,log-sigma-3-0-mm-3D_glrlm_HighGrayLevelRunEmphasis_right_lung,log-sigma-3-0-mm-3D_glrlm_LongRunEmphasis_right_lung,log-sigma-3-0-mm-3D_glrlm_LongRunHighGrayLevelEmphasis_right_lung,log-sigma-3-0-mm-3D_glrlm_LongRunLowGrayLevelEmphasis_right_lung,log-sigma-3-0-mm-3D_glrlm_LowGrayLevelRunEmphasis_right_lung,log-sigma-3-0-mm-3D_glrlm_RunEntropy_right_lung,log-sigma-3-0-mm-3D_glrlm_RunLengthNonUniformity_right_lung,log-sigma-3-0-mm-3D_glrlm_RunLengthNonUniformityNormalized_right_lung,log-sigma-3-0-mm-3D_glrlm_RunPercentage_right_lung,log-sigma-3-0-mm-3D_glrlm_RunVariance_right_lung,log-sigma-3-0-mm-3D_glrlm_ShortRunEmphasis_right_lung,log-sigma-3-0-mm-3D_glrlm_ShortRunHighGrayLevelEmphasis_right_lung,log-sigma-3-0-mm-3D_glrlm_ShortRunLowGrayLevelEmphasis_right_lung,log-sigma-3-0-mm-3D_glszm_GrayLevelNonUniformity_right_lung,log-sigma-3-0-mm-3D_glszm_GrayLevelNonUniformityNormalized_right_lung,log-sigma-3-0-mm-3D_glszm_GrayLevelVariance_right_lung,log-sigma-3-0-mm-3D_glszm_HighGrayLevelZoneEmphasis_right_lung,log-sigma-3-0-mm-3D_glszm_LargeAreaEmphasis_right_lung,log-sigma-3-0-mm-3D_glszm_LargeAreaHighGrayLevelEmphasis_right_lung,log-sigma-3-0-mm-3D_glszm_LargeAreaLowGrayLevelEmphasis_right_lung,log-sigma-3-0-mm-3D_glszm_LowGrayLevelZoneEmphasis_right_lung,log-sigma-3-0-mm-3D_glszm_SizeZoneNonUniformity_right_lung,log-sigma-3-0-mm-3D_glszm_SizeZoneNonUniformityNormalized_right_lung,log-sigma-3-0-mm-3D_glszm_SmallAreaEmphasis_right_lung,log-sigma-3-0-mm-3D_glszm_SmallAreaHighGrayLevelEmphasis_right_lung,log-sigma-3-0-mm-3D_glszm_SmallAreaLowGrayLevelEmphasis_right_lung,log-sigma-3-0-mm-3D_glszm_ZoneEntropy_right_lung,log-sigma-3-0-mm-3D_glszm_ZonePercentage_right_lung,log-sigma-3-0-mm-3D_glszm_ZoneVariance_right_lung,log-sigma-3-0-mm-3D_gldm_DependenceEntropy_right_lung,log-sigma-3-0-mm-3D_gldm_DependenceNonUniformity_right_lung,log-sigma-3-0-mm-3D_gldm_DependenceNonUniformityNormalized_right_lung,log-sigma-3-0-mm-3D_gldm_DependenceVariance_right_lung,log-sigma-3-0-mm-3D_gldm_GrayLevelNonUniformity_right_lung,log-sigma-3-0-mm-3D_gldm_GrayLevelVariance_right_lung,log-sigma-3-0-mm-3D_gldm_HighGrayLevelEmphasis_right_lung,log-sigma-3-0-mm-3D_gldm_LargeDependenceEmphasis_right_lung,log-sigma-3-0-mm-3D_gldm_LargeDependenceHighGrayLevelEmphasis_right_lung,log-sigma-3-0-mm-3D_gldm_LargeDependenceLowGrayLevelEmphasis_right_lung,log-sigma-3-0-mm-3D_gldm_LowGrayLevelEmphasis_right_lung,log-sigma-3-0-mm-3D_gldm_SmallDependenceEmphasis_right_lung,log-sigma-3-0-mm-3D_gldm_SmallDependenceHighGrayLevelEmphasis_right_lung,log-sigma-3-0-mm-3D_gldm_SmallDependenceLowGrayLevelEmphasis_right_lung,log-sigma-3-0-mm-3D_ngtdm_Busyness_right_lung,log-sigma-3-0-mm-3D_ngtdm_Coarseness_right_lung,log-sigma-3-0-mm-3D_ngtdm_Complexity_right_lung,log-sigma-3-0-mm-3D_ngtdm_Contrast_right_lung,log-sigma-3-0-mm-3D_ngtdm_Strength_right_lung,log-sigma-4-0-mm-3D_firstorder_10Percentile_right_lung,log-sigma-4-0-mm-3D_firstorder_90Percentile_right_lung,log-sigma-4-0-mm-3D_firstorder_Energy_right_lung,log-sigma-4-0-mm-3D_firstorder_Entropy_right_lung,log-sigma-4-0-mm-3D_firstorder_InterquartileRange_right_lung,log-sigma-4-0-mm-3D_firstorder_Kurtosis_right_lung,log-sigma-4-0-mm-3D_firstorder_Maximum_right_lung,log-sigma-4-0-mm-3D_firstorder_MeanAbsoluteDeviation_right_lung,log-sigma-4-0-mm-3D_firstorder_Mean_right_lung,log-sigma-4-0-mm-3D_firstorder_Median_right_lung,log-sigma-4-0-mm-3D_firstorder_Minimum_right_lung,log-sigma-4-0-mm-3D_firstorder_Range_right_lung,log-sigma-4-0-mm-3D_firstorder_RobustMeanAbsoluteDeviation_right_lung,log-sigma-4-0-mm-3D_firstorder_RootMeanSquared_right_lung,log-sigma-4-0-mm-3D_firstorder_Skewness_right_lung,log-sigma-4-0-mm-3D_firstorder_TotalEnergy_right_lung,log-sigma-4-0-mm-3D_firstorder_Uniformity_right_lung,log-sigma-4-0-mm-3D_firstorder_Variance_right_lung,log-sigma-4-0-mm-3D_glcm_Autocorrelation_right_lung,log-sigma-4-0-mm-3D_glcm_ClusterProminence_right_lung,log-sigma-4-0-mm-3D_glcm_ClusterShade_right_lung,log-sigma-4-0-mm-3D_glcm_ClusterTendency_right_lung,log-sigma-4-0-mm-3D_glcm_Contrast_right_lung,log-sigma-4-0-mm-3D_glcm_Correlation_right_lung,log-sigma-4-0-mm-3D_glcm_DifferenceAverage_right_lung,log-sigma-4-0-mm-3D_glcm_DifferenceEntropy_right_lung,log-sigma-4-0-mm-3D_glcm_DifferenceVariance_right_lung,log-sigma-4-0-mm-3D_glcm_Id_right_lung,log-sigma-4-0-mm-3D_glcm_Idm_right_lung,log-sigma-4-0-mm-3D_glcm_Idmn_right_lung,log-sigma-4-0-mm-3D_glcm_Idn_right_lung,log-sigma-4-0-mm-3D_glcm_Imc1_right_lung,log-sigma-4-0-mm-3D_glcm_Imc2_right_lung,log-sigma-4-0-mm-3D_glcm_InverseVariance_right_lung,log-sigma-4-0-mm-3D_glcm_JointAverage_right_lung,log-sigma-4-0-mm-3D_glcm_JointEnergy_right_lung,log-sigma-4-0-mm-3D_glcm_JointEntropy_right_lung,log-sigma-4-0-mm-3D_glcm_MCC_right_lung,log-sigma-4-0-mm-3D_glcm_MaximumProbability_right_lung,log-sigma-4-0-mm-3D_glcm_SumAverage_right_lung,log-sigma-4-0-mm-3D_glcm_SumEntropy_right_lung,log-sigma-4-0-mm-3D_glcm_SumSquares_right_lung,log-sigma-4-0-mm-3D_glrlm_GrayLevelNonUniformity_right_lung,log-sigma-4-0-mm-3D_glrlm_GrayLevelNonUniformityNormalized_right_lung,log-sigma-4-0-mm-3D_glrlm_GrayLevelVariance_right_lung,log-sigma-4-0-mm-3D_glrlm_HighGrayLevelRunEmphasis_right_lung,log-sigma-4-0-mm-3D_glrlm_LongRunEmphasis_right_lung,log-sigma-4-0-mm-3D_glrlm_LongRunHighGrayLevelEmphasis_right_lung,log-sigma-4-0-mm-3D_glrlm_LongRunLowGrayLevelEmphasis_right_lung,log-sigma-4-0-mm-3D_glrlm_LowGrayLevelRunEmphasis_right_lung,log-sigma-4-0-mm-3D_glrlm_RunEntropy_right_lung,log-sigma-4-0-mm-3D_glrlm_RunLengthNonUniformity_right_lung,log-sigma-4-0-mm-3D_glrlm_RunLengthNonUniformityNormalized_right_lung,log-sigma-4-0-mm-3D_glrlm_RunPercentage_right_lung,log-sigma-4-0-mm-3D_glrlm_RunVariance_right_lung,log-sigma-4-0-mm-3D_glrlm_ShortRunEmphasis_right_lung,log-sigma-4-0-mm-3D_glrlm_ShortRunHighGrayLevelEmphasis_right_lung,log-sigma-4-0-mm-3D_glrlm_ShortRunLowGrayLevelEmphasis_right_lung,log-sigma-4-0-mm-3D_glszm_GrayLevelNonUniformity_right_lung,log-sigma-4-0-mm-3D_glszm_GrayLevelNonUniformityNormalized_right_lung,log-sigma-4-0-mm-3D_glszm_GrayLevelVariance_right_lung,log-sigma-4-0-mm-3D_glszm_HighGrayLevelZoneEmphasis_right_lung,log-sigma-4-0-mm-3D_glszm_LargeAreaEmphasis_right_lung,log-sigma-4-0-mm-3D_glszm_LargeAreaHighGrayLevelEmphasis_right_lung,log-sigma-4-0-mm-3D_glszm_LargeAreaLowGrayLevelEmphasis_right_lung,log-sigma-4-0-mm-3D_glszm_LowGrayLevelZoneEmphasis_right_lung,log-sigma-4-0-mm-3D_glszm_SizeZoneNonUniformity_right_lung,log-sigma-4-0-mm-3D_glszm_SizeZoneNonUniformityNormalized_right_lung,log-sigma-4-0-mm-3D_glszm_SmallAreaEmphasis_right_lung,log-sigma-4-0-mm-3D_glszm_SmallAreaHighGrayLevelEmphasis_right_lung,log-sigma-4-0-mm-3D_glszm_SmallAreaLowGrayLevelEmphasis_right_lung,log-sigma-4-0-mm-3D_glszm_ZoneEntropy_right_lung,log-sigma-4-0-mm-3D_glszm_ZonePercentage_right_lung,log-sigma-4-0-mm-3D_glszm_ZoneVariance_right_lung,log-sigma-4-0-mm-3D_gldm_DependenceEntropy_right_lung,log-sigma-4-0-mm-3D_gldm_DependenceNonUniformity_right_lung,log-sigma-4-0-mm-3D_gldm_DependenceNonUniformityNormalized_right_lung,log-sigma-4-0-mm-3D_gldm_DependenceVariance_right_lung,log-sigma-4-0-mm-3D_gldm_GrayLevelNonUniformity_right_lung,log-sigma-4-0-mm-3D_gldm_GrayLevelVariance_right_lung,log-sigma-4-0-mm-3D_gldm_HighGrayLevelEmphasis_right_lung,log-sigma-4-0-mm-3D_gldm_LargeDependenceEmphasis_right_lung,log-sigma-4-0-mm-3D_gldm_LargeDependenceHighGrayLevelEmphasis_right_lung,log-sigma-4-0-mm-3D_gldm_LargeDependenceLowGrayLevelEmphasis_right_lung,log-sigma-4-0-mm-3D_gldm_LowGrayLevelEmphasis_right_lung,log-sigma-4-0-mm-3D_gldm_SmallDependenceEmphasis_right_lung,log-sigma-4-0-mm-3D_gldm_SmallDependenceHighGrayLevelEmphasis_right_lung,log-sigma-4-0-mm-3D_gldm_SmallDependenceLowGrayLevelEmphasis_right_lung,log-sigma-4-0-mm-3D_ngtdm_Busyness_right_lung,log-sigma-4-0-mm-3D_ngtdm_Coarseness_right_lung,log-sigma-4-0-mm-3D_ngtdm_Complexity_right_lung,log-sigma-4-0-mm-3D_ngtdm_Contrast_right_lung,log-sigma-4-0-mm-3D_ngtdm_Strength_right_lung,log-sigma-5-0-mm-3D_firstorder_10Percentile_right_lung,log-sigma-5-0-mm-3D_firstorder_90Percentile_right_lung,log-sigma-5-0-mm-3D_firstorder_Energy_right_lung,log-sigma-5-0-mm-3D_firstorder_Entropy_right_lung,log-sigma-5-0-mm-3D_firstorder_InterquartileRange_right_lung,log-sigma-5-0-mm-3D_firstorder_Kurtosis_right_lung,log-sigma-5-0-mm-3D_firstorder_Maximum_right_lung,log-sigma-5-0-mm-3D_firstorder_MeanAbsoluteDeviation_right_lung,log-sigma-5-0-mm-3D_firstorder_Mean_right_lung,log-sigma-5-0-mm-3D_firstorder_Median_right_lung,log-sigma-5-0-mm-3D_firstorder_Minimum_right_lung,log-sigma-5-0-mm-3D_firstorder_Range_right_lung,log-sigma-5-0-mm-3D_firstorder_RobustMeanAbsoluteDeviation_right_lung,log-sigma-5-0-mm-3D_firstorder_RootMeanSquared_right_lung,log-sigma-5-0-mm-3D_firstorder_Skewness_right_lung,log-sigma-5-0-mm-3D_firstorder_TotalEnergy_right_lung,log-sigma-5-0-mm-3D_firstorder_Uniformity_right_lung,log-sigma-5-0-mm-3D_firstorder_Variance_right_lung,log-sigma-5-0-mm-3D_glcm_Autocorrelation_right_lung,log-sigma-5-0-mm-3D_glcm_ClusterProminence_right_lung,log-sigma-5-0-mm-3D_glcm_ClusterShade_right_lung,log-sigma-5-0-mm-3D_glcm_ClusterTendency_right_lung,log-sigma-5-0-mm-3D_glcm_Contrast_right_lung,log-sigma-5-0-mm-3D_glcm_Correlation_right_lung,log-sigma-5-0-mm-3D_glcm_DifferenceAverage_right_lung,log-sigma-5-0-mm-3D_glcm_DifferenceEntropy_right_lung,log-sigma-5-0-mm-3D_glcm_DifferenceVariance_right_lung,log-sigma-5-0-mm-3D_glcm_Id_right_lung,log-sigma-5-0-mm-3D_glcm_Idm_right_lung,log-sigma-5-0-mm-3D_glcm_Idmn_right_lung,log-sigma-5-0-mm-3D_glcm_Idn_right_lung,log-sigma-5-0-mm-3D_glcm_Imc1_right_lung,log-sigma-5-0-mm-3D_glcm_Imc2_right_lung,log-sigma-5-0-mm-3D_glcm_InverseVariance_right_lung,log-sigma-5-0-mm-3D_glcm_JointAverage_right_lung,log-sigma-5-0-mm-3D_glcm_JointEnergy_right_lung,log-sigma-5-0-mm-3D_glcm_JointEntropy_right_lung,log-sigma-5-0-mm-3D_glcm_MCC_right_lung,log-sigma-5-0-mm-3D_glcm_MaximumProbability_right_lung,log-sigma-5-0-mm-3D_glcm_SumAverage_right_lung,log-sigma-5-0-mm-3D_glcm_SumEntropy_right_lung,log-sigma-5-0-mm-3D_glcm_SumSquares_right_lung,log-sigma-5-0-mm-3D_glrlm_GrayLevelNonUniformity_right_lung,log-sigma-5-0-mm-3D_glrlm_GrayLevelNonUniformityNormalized_right_lung,log-sigma-5-0-mm-3D_glrlm_GrayLevelVariance_right_lung,log-sigma-5-0-mm-3D_glrlm_HighGrayLevelRunEmphasis_right_lung,log-sigma-5-0-mm-3D_glrlm_LongRunEmphasis_right_lung,log-sigma-5-0-mm-3D_glrlm_LongRunHighGrayLevelEmphasis_right_lung,log-sigma-5-0-mm-3D_glrlm_LongRunLowGrayLevelEmphasis_right_lung,log-sigma-5-0-mm-3D_glrlm_LowGrayLevelRunEmphasis_right_lung,log-sigma-5-0-mm-3D_glrlm_RunEntropy_right_lung,log-sigma-5-0-mm-3D_glrlm_RunLengthNonUniformity_right_lung,log-sigma-5-0-mm-3D_glrlm_RunLengthNonUniformityNormalized_right_lung,log-sigma-5-0-mm-3D_glrlm_RunPercentage_right_lung,log-sigma-5-0-mm-3D_glrlm_RunVariance_right_lung,log-sigma-5-0-mm-3D_glrlm_ShortRunEmphasis_right_lung,log-sigma-5-0-mm-3D_glrlm_ShortRunHighGrayLevelEmphasis_right_lung,log-sigma-5-0-mm-3D_glrlm_ShortRunLowGrayLevelEmphasis_right_lung,log-sigma-5-0-mm-3D_glszm_GrayLevelNonUniformity_right_lung,log-sigma-5-0-mm-3D_glszm_GrayLevelNonUniformityNormalized_right_lung,log-sigma-5-0-mm-3D_glszm_GrayLevelVariance_right_lung,log-sigma-5-0-mm-3D_glszm_HighGrayLevelZoneEmphasis_right_lung,log-sigma-5-0-mm-3D_glszm_LargeAreaEmphasis_right_lung,log-sigma-5-0-mm-3D_glszm_LargeAreaHighGrayLevelEmphasis_right_lung,log-sigma-5-0-mm-3D_glszm_LargeAreaLowGrayLevelEmphasis_right_lung,log-sigma-5-0-mm-3D_glszm_LowGrayLevelZoneEmphasis_right_lung,log-sigma-5-0-mm-3D_glszm_SizeZoneNonUniformity_right_lung,log-sigma-5-0-mm-3D_glszm_SizeZoneNonUniformityNormalized_right_lung,log-sigma-5-0-mm-3D_glszm_SmallAreaEmphasis_right_lung,log-sigma-5-0-mm-3D_glszm_SmallAreaHighGrayLevelEmphasis_right_lung,log-sigma-5-0-mm-3D_glszm_SmallAreaLowGrayLevelEmphasis_right_lung,log-sigma-5-0-mm-3D_glszm_ZoneEntropy_right_lung,log-sigma-5-0-mm-3D_glszm_ZonePercentage_right_lung,log-sigma-5-0-mm-3D_glszm_ZoneVariance_right_lung,log-sigma-5-0-mm-3D_gldm_DependenceEntropy_right_lung,log-sigma-5-0-mm-3D_gldm_DependenceNonUniformity_right_lung,log-sigma-5-0-mm-3D_gldm_DependenceNonUniformityNormalized_right_lung,log-sigma-5-0-mm-3D_gldm_DependenceVariance_right_lung,log-sigma-5-0-mm-3D_gldm_GrayLevelNonUniformity_right_lung,log-sigma-5-0-mm-3D_gldm_GrayLevelVariance_right_lung,log-sigma-5-0-mm-3D_gldm_HighGrayLevelEmphasis_right_lung,log-sigma-5-0-mm-3D_gldm_LargeDependenceEmphasis_right_lung,log-sigma-5-0-mm-3D_gldm_LargeDependenceHighGrayLevelEmphasis_right_lung,log-sigma-5-0-mm-3D_gldm_LargeDependenceLowGrayLevelEmphasis_right_lung,log-sigma-5-0-mm-3D_gldm_LowGrayLevelEmphasis_right_lung,log-sigma-5-0-mm-3D_gldm_SmallDependenceEmphasis_right_lung,log-sigma-5-0-mm-3D_gldm_SmallDependenceHighGrayLevelEmphasis_right_lung,log-sigma-5-0-mm-3D_gldm_SmallDependenceLowGrayLevelEmphasis_right_lung,log-sigma-5-0-mm-3D_ngtdm_Busyness_right_lung,log-sigma-5-0-mm-3D_ngtdm_Coarseness_right_lung,log-sigma-5-0-mm-3D_ngtdm_Complexity_right_lung,log-sigma-5-0-mm-3D_ngtdm_Contrast_right_lung,log-sigma-5-0-mm-3D_ngtdm_Strength_right_lung,original_shape_Elongation_left_lung,original_shape_Flatness_left_lung,original_shape_LeastAxisLength_left_lung,original_shape_MajorAxisLength_left_lung,original_shape_Maximum2DDiameterColumn_left_lung,original_shape_Maximum2DDiameterRow_left_lung,original_shape_Maximum2DDiameterSlice_left_lung,original_shape_Maximum3DDiameter_left_lung,original_shape_MeshVolume_left_lung,original_shape_MinorAxisLength_left_lung,original_shape_Sphericity_left_lung,original_shape_SurfaceArea_left_lung,original_shape_SurfaceVolumeRatio_left_lung,original_shape_VoxelVolume_left_lung,original_firstorder_10Percentile_left_lung,original_firstorder_90Percentile_left_lung,original_firstorder_Energy_left_lung,original_firstorder_Entropy_left_lung,original_firstorder_InterquartileRange_left_lung,original_firstorder_Kurtosis_left_lung,original_firstorder_Maximum_left_lung,original_firstorder_MeanAbsoluteDeviation_left_lung,original_firstorder_Mean_left_lung,original_firstorder_Median_left_lung,original_firstorder_Minimum_left_lung,original_firstorder_Range_left_lung,original_firstorder_RobustMeanAbsoluteDeviation_left_lung,original_firstorder_RootMeanSquared_left_lung,original_firstorder_Skewness_left_lung,original_firstorder_TotalEnergy_left_lung,original_firstorder_Uniformity_left_lung,original_firstorder_Variance_left_lung,original_glcm_Autocorrelation_left_lung,original_glcm_ClusterProminence_left_lung,original_glcm_ClusterShade_left_lung,original_glcm_ClusterTendency_left_lung,original_glcm_Contrast_left_lung,original_glcm_Correlation_left_lung,original_glcm_DifferenceAverage_left_lung,original_glcm_DifferenceEntropy_left_lung,original_glcm_DifferenceVariance_left_lung,original_glcm_Id_left_lung,original_glcm_Idm_left_lung,original_glcm_Idmn_left_lung,original_glcm_Idn_left_lung,original_glcm_Imc1_left_lung,original_glcm_Imc2_left_lung,original_glcm_InverseVariance_left_lung,original_glcm_JointAverage_left_lung,original_glcm_JointEnergy_left_lung,original_glcm_JointEntropy_left_lung,original_glcm_MCC_left_lung,original_glcm_MaximumProbability_left_lung,original_glcm_SumAverage_left_lung,original_glcm_SumEntropy_left_lung,original_glcm_SumSquares_left_lung,original_glrlm_GrayLevelNonUniformity_left_lung,original_glrlm_GrayLevelNonUniformityNormalized_left_lung,original_glrlm_GrayLevelVariance_left_lung,original_glrlm_HighGrayLevelRunEmphasis_left_lung,original_glrlm_LongRunEmphasis_left_lung,original_glrlm_LongRunHighGrayLevelEmphasis_left_lung,original_glrlm_LongRunLowGrayLevelEmphasis_left_lung,original_glrlm_LowGrayLevelRunEmphasis_left_lung,original_glrlm_RunEntropy_left_lung,original_glrlm_RunLengthNonUniformity_left_lung,original_glrlm_RunLengthNonUniformityNormalized_left_lung,original_glrlm_RunPercentage_left_lung,original_glrlm_RunVariance_left_lung,original_glrlm_ShortRunEmphasis_left_lung,original_glrlm_ShortRunHighGrayLevelEmphasis_left_lung,original_glrlm_ShortRunLowGrayLevelEmphasis_left_lung,original_glszm_GrayLevelNonUniformity_left_lung,original_glszm_GrayLevelNonUniformityNormalized_left_lung,original_glszm_GrayLevelVariance_left_lung,original_glszm_HighGrayLevelZoneEmphasis_left_lung,original_glszm_LargeAreaEmphasis_left_lung,original_glszm_LargeAreaHighGrayLevelEmphasis_left_lung,original_glszm_LargeAreaLowGrayLevelEmphasis_left_lung,original_glszm_LowGrayLevelZoneEmphasis_left_lung,original_glszm_SizeZoneNonUniformity_left_lung,original_glszm_SizeZoneNonUniformityNormalized_left_lung,original_glszm_SmallAreaEmphasis_left_lung,original_glszm_SmallAreaHighGrayLevelEmphasis_left_lung,original_glszm_SmallAreaLowGrayLevelEmphasis_left_lung,original_glszm_ZoneEntropy_left_lung,original_glszm_ZonePercentage_left_lung,original_glszm_ZoneVariance_left_lung,original_gldm_DependenceEntropy_left_lung,original_gldm_DependenceNonUniformity_left_lung,original_gldm_DependenceNonUniformityNormalized_left_lung,original_gldm_DependenceVariance_left_lung,original_gldm_GrayLevelNonUniformity_left_lung,original_gldm_GrayLevelVariance_left_lung,original_gldm_HighGrayLevelEmphasis_left_lung,original_gldm_LargeDependenceEmphasis_left_lung,original_gldm_LargeDependenceHighGrayLevelEmphasis_left_lung,original_gldm_LargeDependenceLowGrayLevelEmphasis_left_lung,original_gldm_LowGrayLevelEmphasis_left_lung,original_gldm_SmallDependenceEmphasis_left_lung,original_gldm_SmallDependenceHighGrayLevelEmphasis_left_lung,original_gldm_SmallDependenceLowGrayLevelEmphasis_left_lung,original_ngtdm_Busyness_left_lung,original_ngtdm_Coarseness_left_lung,original_ngtdm_Complexity_left_lung,original_ngtdm_Contrast_left_lung,original_ngtdm_Strength_left_lung,wavelet-LLH_firstorder_10Percentile_left_lung,wavelet-LLH_firstorder_90Percentile_left_lung,wavelet-LLH_firstorder_Energy_left_lung,wavelet-LLH_firstorder_Entropy_left_lung,wavelet-LLH_firstorder_InterquartileRange_left_lung,wavelet-LLH_firstorder_Kurtosis_left_lung,wavelet-LLH_firstorder_Maximum_left_lung,wavelet-LLH_firstorder_MeanAbsoluteDeviation_left_lung,wavelet-LLH_firstorder_Mean_left_lung,wavelet-LLH_firstorder_Median_left_lung,wavelet-LLH_firstorder_Minimum_left_lung,wavelet-LLH_firstorder_Range_left_lung,wavelet-LLH_firstorder_RobustMeanAbsoluteDeviation_left_lung,wavelet-LLH_firstorder_RootMeanSquared_left_lung,wavelet-LLH_firstorder_Skewness_left_lung,wavelet-LLH_firstorder_TotalEnergy_left_lung,wavelet-LLH_firstorder_Uniformity_left_lung,wavelet-LLH_firstorder_Variance_left_lung,wavelet-LLH_glcm_Autocorrelation_left_lung,wavelet-LLH_glcm_ClusterProminence_left_lung,wavelet-LLH_glcm_ClusterShade_left_lung,wavelet-LLH_glcm_ClusterTendency_left_lung,wavelet-LLH_glcm_Contrast_left_lung,wavelet-LLH_glcm_Correlation_left_lung,wavelet-LLH_glcm_DifferenceAverage_left_lung,wavelet-LLH_glcm_DifferenceEntropy_left_lung,wavelet-LLH_glcm_DifferenceVariance_left_lung,wavelet-LLH_glcm_Id_left_lung,wavelet-LLH_glcm_Idm_left_lung,wavelet-LLH_glcm_Idmn_left_lung,wavelet-LLH_glcm_Idn_left_lung,wavelet-LLH_glcm_Imc1_left_lung,wavelet-LLH_glcm_Imc2_left_lung,wavelet-LLH_glcm_InverseVariance_left_lung,wavelet-LLH_glcm_JointAverage_left_lung,wavelet-LLH_glcm_JointEnergy_left_lung,wavelet-LLH_glcm_JointEntropy_left_lung,wavelet-LLH_glcm_MCC_left_lung,wavelet-LLH_glcm_MaximumProbability_left_lung,wavelet-LLH_glcm_SumAverage_left_lung,wavelet-LLH_glcm_SumEntropy_left_lung,wavelet-LLH_glcm_SumSquares_left_lung,wavelet-LLH_glrlm_GrayLevelNonUniformity_left_lung,wavelet-LLH_glrlm_GrayLevelNonUniformityNormalized_left_lung,wavelet-LLH_glrlm_GrayLevelVariance_left_lung,wavelet-LLH_glrlm_HighGrayLevelRunEmphasis_left_lung,wavelet-LLH_glrlm_LongRunEmphasis_left_lung,wavelet-LLH_glrlm_LongRunHighGrayLevelEmphasis_left_lung,wavelet-LLH_glrlm_LongRunLowGrayLevelEmphasis_left_lung,wavelet-LLH_glrlm_LowGrayLevelRunEmphasis_left_lung,wavelet-LLH_glrlm_RunEntropy_left_lung,wavelet-LLH_glrlm_RunLengthNonUniformity_left_lung,wavelet-LLH_glrlm_RunLengthNonUniformityNormalized_left_lung,wavelet-LLH_glrlm_RunPercentage_left_lung,wavelet-LLH_glrlm_RunVariance_left_lung,wavelet-LLH_glrlm_ShortRunEmphasis_left_lung,wavelet-LLH_glrlm_ShortRunHighGrayLevelEmphasis_left_lung,wavelet-LLH_glrlm_ShortRunLowGrayLevelEmphasis_left_lung,wavelet-LLH_glszm_GrayLevelNonUniformity_left_lung,wavelet-LLH_glszm_GrayLevelNonUniformityNormalized_left_lung,wavelet-LLH_glszm_GrayLevelVariance_left_lung,wavelet-LLH_glszm_HighGrayLevelZoneEmphasis_left_lung,wavelet-LLH_glszm_LargeAreaEmphasis_left_lung,wavelet-LLH_glszm_LargeAreaHighGrayLevelEmphasis_left_lung,wavelet-LLH_glszm_LargeAreaLowGrayLevelEmphasis_left_lung,wavelet-LLH_glszm_LowGrayLevelZoneEmphasis_left_lung,wavelet-LLH_glszm_SizeZoneNonUniformity_left_lung,wavelet-LLH_glszm_SizeZoneNonUniformityNormalized_left_lung,wavelet-LLH_glszm_SmallAreaEmphasis_left_lung,wavelet-LLH_glszm_SmallAreaHighGrayLevelEmphasis_left_lung,wavelet-LLH_glszm_SmallAreaLowGrayLevelEmphasis_left_lung,wavelet-LLH_glszm_ZoneEntropy_left_lung,wavelet-LLH_glszm_ZonePercentage_left_lung,wavelet-LLH_glszm_ZoneVariance_left_lung,wavelet-LLH_gldm_DependenceEntropy_left_lung,wavelet-LLH_gldm_DependenceNonUniformity_left_lung,wavelet-LLH_gldm_DependenceNonUniformityNormalized_left_lung,wavelet-LLH_gldm_DependenceVariance_left_lung,wavelet-LLH_gldm_GrayLevelNonUniformity_left_lung,wavelet-LLH_gldm_GrayLevelVariance_left_lung,wavelet-LLH_gldm_HighGrayLevelEmphasis_left_lung,wavelet-LLH_gldm_LargeDependenceEmphasis_left_lung,wavelet-LLH_gldm_LargeDependenceHighGrayLevelEmphasis_left_lung,wavelet-LLH_gldm_LargeDependenceLowGrayLevelEmphasis_left_lung,wavelet-LLH_gldm_LowGrayLevelEmphasis_left_lung,wavelet-LLH_gldm_SmallDependenceEmphasis_left_lung,wavelet-LLH_gldm_SmallDependenceHighGrayLevelEmphasis_left_lung,wavelet-LLH_gldm_SmallDependenceLowGrayLevelEmphasis_left_lung,wavelet-LLH_ngtdm_Busyness_left_lung,wavelet-LLH_ngtdm_Coarseness_left_lung,wavelet-LLH_ngtdm_Complexity_left_lung,wavelet-LLH_ngtdm_Contrast_left_lung,wavelet-LLH_ngtdm_Strength_left_lung,wavelet-LHL_firstorder_10Percentile_left_lung,wavelet-LHL_firstorder_90Percentile_left_lung,wavelet-LHL_firstorder_Energy_left_lung,wavelet-LHL_firstorder_Entropy_left_lung,wavelet-LHL_firstorder_InterquartileRange_left_lung,wavelet-LHL_firstorder_Kurtosis_left_lung,wavelet-LHL_firstorder_Maximum_left_lung,wavelet-LHL_firstorder_MeanAbsoluteDeviation_left_lung,wavelet-LHL_firstorder_Mean_left_lung,wavelet-LHL_firstorder_Median_left_lung,wavelet-LHL_firstorder_Minimum_left_lung,wavelet-LHL_firstorder_Range_left_lung,wavelet-LHL_firstorder_RobustMeanAbsoluteDeviation_left_lung,wavelet-LHL_firstorder_RootMeanSquared_left_lung,wavelet-LHL_firstorder_Skewness_left_lung,wavelet-LHL_firstorder_TotalEnergy_left_lung,wavelet-LHL_firstorder_Uniformity_left_lung,wavelet-LHL_firstorder_Variance_left_lung,wavelet-LHL_glcm_Autocorrelation_left_lung,wavelet-LHL_glcm_ClusterProminence_left_lung,wavelet-LHL_glcm_ClusterShade_left_lung,wavelet-LHL_glcm_ClusterTendency_left_lung,wavelet-LHL_glcm_Contrast_left_lung,wavelet-LHL_glcm_Correlation_left_lung,wavelet-LHL_glcm_DifferenceAverage_left_lung,wavelet-LHL_glcm_DifferenceEntropy_left_lung,wavelet-LHL_glcm_DifferenceVariance_left_lung,wavelet-LHL_glcm_Id_left_lung,wavelet-LHL_glcm_Idm_left_lung,wavelet-LHL_glcm_Idmn_left_lung,wavelet-LHL_glcm_Idn_left_lung,wavelet-LHL_glcm_Imc1_left_lung,wavelet-LHL_glcm_Imc2_left_lung,wavelet-LHL_glcm_InverseVariance_left_lung,wavelet-LHL_glcm_JointAverage_left_lung,wavelet-LHL_glcm_JointEnergy_left_lung,wavelet-LHL_glcm_JointEntropy_left_lung,wavelet-LHL_glcm_MCC_left_lung,wavelet-LHL_glcm_MaximumProbability_left_lung,wavelet-LHL_glcm_SumAverage_left_lung,wavelet-LHL_glcm_SumEntropy_left_lung,wavelet-LHL_glcm_SumSquares_left_lung,wavelet-LHL_glrlm_GrayLevelNonUniformity_left_lung,wavelet-LHL_glrlm_GrayLevelNonUniformityNormalized_left_lung,wavelet-LHL_glrlm_GrayLevelVariance_left_lung,wavelet-LHL_glrlm_HighGrayLevelRunEmphasis_left_lung,wavelet-LHL_glrlm_LongRunEmphasis_left_lung,wavelet-LHL_glrlm_LongRunHighGrayLevelEmphasis_left_lung,wavelet-LHL_glrlm_LongRunLowGrayLevelEmphasis_left_lung,wavelet-LHL_glrlm_LowGrayLevelRunEmphasis_left_lung,wavelet-LHL_glrlm_RunEntropy_left_lung,wavelet-LHL_glrlm_RunLengthNonUniformity_left_lung,wavelet-LHL_glrlm_RunLengthNonUniformityNormalized_left_lung,wavelet-LHL_glrlm_RunPercentage_left_lung,wavelet-LHL_glrlm_RunVariance_left_lung,wavelet-LHL_glrlm_ShortRunEmphasis_left_lung,wavelet-LHL_glrlm_ShortRunHighGrayLevelEmphasis_left_lung,wavelet-LHL_glrlm_ShortRunLowGrayLevelEmphasis_left_lung,wavelet-LHL_glszm_GrayLevelNonUniformity_left_lung,wavelet-LHL_glszm_GrayLevelNonUniformityNormalized_left_lung,wavelet-LHL_glszm_GrayLevelVariance_left_lung,wavelet-LHL_glszm_HighGrayLevelZoneEmphasis_left_lung,wavelet-LHL_glszm_LargeAreaEmphasis_left_lung,wavelet-LHL_glszm_LargeAreaHighGrayLevelEmphasis_left_lung,wavelet-LHL_glszm_LargeAreaLowGrayLevelEmphasis_left_lung,wavelet-LHL_glszm_LowGrayLevelZoneEmphasis_left_lung,wavelet-LHL_glszm_SizeZoneNonUniformity_left_lung,wavelet-LHL_glszm_SizeZoneNonUniformityNormalized_left_lung,wavelet-LHL_glszm_SmallAreaEmphasis_left_lung,wavelet-LHL_glszm_SmallAreaHighGrayLevelEmphasis_left_lung,wavelet-LHL_glszm_SmallAreaLowGrayLevelEmphasis_left_lung,wavelet-LHL_glszm_ZoneEntropy_left_lung,wavelet-LHL_glszm_ZonePercentage_left_lung,wavelet-LHL_glszm_ZoneVariance_left_lung,wavelet-LHL_gldm_DependenceEntropy_left_lung,wavelet-LHL_gldm_DependenceNonUniformity_left_lung,wavelet-LHL_gldm_DependenceNonUniformityNormalized_left_lung,wavelet-LHL_gldm_DependenceVariance_left_lung,wavelet-LHL_gldm_GrayLevelNonUniformity_left_lung,wavelet-LHL_gldm_GrayLevelVariance_left_lung,wavelet-LHL_gldm_HighGrayLevelEmphasis_left_lung,wavelet-LHL_gldm_LargeDependenceEmphasis_left_lung,wavelet-LHL_gldm_LargeDependenceHighGrayLevelEmphasis_left_lung,wavelet-LHL_gldm_LargeDependenceLowGrayLevelEmphasis_left_lung,wavelet-LHL_gldm_LowGrayLevelEmphasis_left_lung,wavelet-LHL_gldm_SmallDependenceEmphasis_left_lung,wavelet-LHL_gldm_SmallDependenceHighGrayLevelEmphasis_left_lung,wavelet-LHL_gldm_SmallDependenceLowGrayLevelEmphasis_left_lung,wavelet-LHL_ngtdm_Busyness_left_lung,wavelet-LHL_ngtdm_Coarseness_left_lung,wavelet-LHL_ngtdm_Complexity_left_lung,wavelet-LHL_ngtdm_Contrast_left_lung,wavelet-LHL_ngtdm_Strength_left_lung,wavelet-LHH_firstorder_10Percentile_left_lung,wavelet-LHH_firstorder_90Percentile_left_lung,wavelet-LHH_firstorder_Energy_left_lung,wavelet-LHH_firstorder_Entropy_left_lung,wavelet-LHH_firstorder_InterquartileRange_left_lung,wavelet-LHH_firstorder_Kurtosis_left_lung,wavelet-LHH_firstorder_Maximum_left_lung,wavelet-LHH_firstorder_MeanAbsoluteDeviation_left_lung,wavelet-LHH_firstorder_Mean_left_lung,wavelet-LHH_firstorder_Median_left_lung,wavelet-LHH_firstorder_Minimum_left_lung,wavelet-LHH_firstorder_Range_left_lung,wavelet-LHH_firstorder_RobustMeanAbsoluteDeviation_left_lung,wavelet-LHH_firstorder_RootMeanSquared_left_lung,wavelet-LHH_firstorder_Skewness_left_lung,wavelet-LHH_firstorder_TotalEnergy_left_lung,wavelet-LHH_firstorder_Uniformity_left_lung,wavelet-LHH_firstorder_Variance_left_lung,wavelet-LHH_glcm_Autocorrelation_left_lung,wavelet-LHH_glcm_ClusterProminence_left_lung,wavelet-LHH_glcm_ClusterShade_left_lung,wavelet-LHH_glcm_ClusterTendency_left_lung,wavelet-LHH_glcm_Contrast_left_lung,wavelet-LHH_glcm_Correlation_left_lung,wavelet-LHH_glcm_DifferenceAverage_left_lung,wavelet-LHH_glcm_DifferenceEntropy_left_lung,wavelet-LHH_glcm_DifferenceVariance_left_lung,wavelet-LHH_glcm_Id_left_lung,wavelet-LHH_glcm_Idm_left_lung,wavelet-LHH_glcm_Idmn_left_lung,wavelet-LHH_glcm_Idn_left_lung,wavelet-LHH_glcm_Imc1_left_lung,wavelet-LHH_glcm_Imc2_left_lung,wavelet-LHH_glcm_InverseVariance_left_lung,wavelet-LHH_glcm_JointAverage_left_lung,wavelet-LHH_glcm_JointEnergy_left_lung,wavelet-LHH_glcm_JointEntropy_left_lung,wavelet-LHH_glcm_MCC_left_lung,wavelet-LHH_glcm_MaximumProbability_left_lung,wavelet-LHH_glcm_SumAverage_left_lung,wavelet-LHH_glcm_SumEntropy_left_lung,wavelet-LHH_glcm_SumSquares_left_lung,wavelet-LHH_glrlm_GrayLevelNonUniformity_left_lung,wavelet-LHH_glrlm_GrayLevelNonUniformityNormalized_left_lung,wavelet-LHH_glrlm_GrayLevelVariance_left_lung,wavelet-LHH_glrlm_HighGrayLevelRunEmphasis_left_lung,wavelet-LHH_glrlm_LongRunEmphasis_left_lung,wavelet-LHH_glrlm_LongRunHighGrayLevelEmphasis_left_lung,wavelet-LHH_glrlm_LongRunLowGrayLevelEmphasis_left_lung,wavelet-LHH_glrlm_LowGrayLevelRunEmphasis_left_lung,wavelet-LHH_glrlm_RunEntropy_left_lung,wavelet-LHH_glrlm_RunLengthNonUniformity_left_lung,wavelet-LHH_glrlm_RunLengthNonUniformityNormalized_left_lung,wavelet-LHH_glrlm_RunPercentage_left_lung,wavelet-LHH_glrlm_RunVariance_left_lung,wavelet-LHH_glrlm_ShortRunEmphasis_left_lung,wavelet-LHH_glrlm_ShortRunHighGrayLevelEmphasis_left_lung,wavelet-LHH_glrlm_ShortRunLowGrayLevelEmphasis_left_lung,wavelet-LHH_glszm_GrayLevelNonUniformity_left_lung,wavelet-LHH_glszm_GrayLevelNonUniformityNormalized_left_lung,wavelet-LHH_glszm_GrayLevelVariance_left_lung,wavelet-LHH_glszm_HighGrayLevelZoneEmphasis_left_lung,wavelet-LHH_glszm_LargeAreaEmphasis_left_lung,wavelet-LHH_glszm_LargeAreaHighGrayLevelEmphasis_left_lung,wavelet-LHH_glszm_LargeAreaLowGrayLevelEmphasis_left_lung,wavelet-LHH_glszm_LowGrayLevelZoneEmphasis_left_lung,wavelet-LHH_glszm_SizeZoneNonUniformity_left_lung,wavelet-LHH_glszm_SizeZoneNonUniformityNormalized_left_lung,wavelet-LHH_glszm_SmallAreaEmphasis_left_lung,wavelet-LHH_glszm_SmallAreaHighGrayLevelEmphasis_left_lung,wavelet-LHH_glszm_SmallAreaLowGrayLevelEmphasis_left_lung,wavelet-LHH_glszm_ZoneEntropy_left_lung,wavelet-LHH_glszm_ZonePercentage_left_lung,wavelet-LHH_glszm_ZoneVariance_left_lung,wavelet-LHH_gldm_DependenceEntropy_left_lung,wavelet-LHH_gldm_DependenceNonUniformity_left_lung,wavelet-LHH_gldm_DependenceNonUniformityNormalized_left_lung,wavelet-LHH_gldm_DependenceVariance_left_lung,wavelet-LHH_gldm_GrayLevelNonUniformity_left_lung,wavelet-LHH_gldm_GrayLevelVariance_left_lung,wavelet-LHH_gldm_HighGrayLevelEmphasis_left_lung,wavelet-LHH_gldm_LargeDependenceEmphasis_left_lung,wavelet-LHH_gldm_LargeDependenceHighGrayLevelEmphasis_left_lung,wavelet-LHH_gldm_LargeDependenceLowGrayLevelEmphasis_left_lung,wavelet-LHH_gldm_LowGrayLevelEmphasis_left_lung,wavelet-LHH_gldm_SmallDependenceEmphasis_left_lung,wavelet-LHH_gldm_SmallDependenceHighGrayLevelEmphasis_left_lung,wavelet-LHH_gldm_SmallDependenceLowGrayLevelEmphasis_left_lung,wavelet-LHH_ngtdm_Busyness_left_lung,wavelet-LHH_ngtdm_Coarseness_left_lung,wavelet-LHH_ngtdm_Complexity_left_lung,wavelet-LHH_ngtdm_Contrast_left_lung,wavelet-LHH_ngtdm_Strength_left_lung,wavelet-HLL_firstorder_10Percentile_left_lung,wavelet-HLL_firstorder_90Percentile_left_lung,wavelet-HLL_firstorder_Energy_left_lung,wavelet-HLL_firstorder_Entropy_left_lung,wavelet-HLL_firstorder_InterquartileRange_left_lung,wavelet-HLL_firstorder_Kurtosis_left_lung,wavelet-HLL_firstorder_Maximum_left_lung,wavelet-HLL_firstorder_MeanAbsoluteDeviation_left_lung,wavelet-HLL_firstorder_Mean_left_lung,wavelet-HLL_firstorder_Median_left_lung,wavelet-HLL_firstorder_Minimum_left_lung,wavelet-HLL_firstorder_Range_left_lung,wavelet-HLL_firstorder_RobustMeanAbsoluteDeviation_left_lung,wavelet-HLL_firstorder_RootMeanSquared_left_lung,wavelet-HLL_firstorder_Skewness_left_lung,wavelet-HLL_firstorder_TotalEnergy_left_lung,wavelet-HLL_firstorder_Uniformity_left_lung,wavelet-HLL_firstorder_Variance_left_lung,wavelet-HLL_glcm_Autocorrelation_left_lung,wavelet-HLL_glcm_ClusterProminence_left_lung,wavelet-HLL_glcm_ClusterShade_left_lung,wavelet-HLL_glcm_ClusterTendency_left_lung,wavelet-HLL_glcm_Contrast_left_lung,wavelet-HLL_glcm_Correlation_left_lung,wavelet-HLL_glcm_DifferenceAverage_left_lung,wavelet-HLL_glcm_DifferenceEntropy_left_lung,wavelet-HLL_glcm_DifferenceVariance_left_lung,wavelet-HLL_glcm_Id_left_lung,wavelet-HLL_glcm_Idm_left_lung,wavelet-HLL_glcm_Idmn_left_lung,wavelet-HLL_glcm_Idn_left_lung,wavelet-HLL_glcm_Imc1_left_lung,wavelet-HLL_glcm_Imc2_left_lung,wavelet-HLL_glcm_InverseVariance_left_lung,wavelet-HLL_glcm_JointAverage_left_lung,wavelet-HLL_glcm_JointEnergy_left_lung,wavelet-HLL_glcm_JointEntropy_left_lung,wavelet-HLL_glcm_MCC_left_lung,wavelet-HLL_glcm_MaximumProbability_left_lung,wavelet-HLL_glcm_SumAverage_left_lung,wavelet-HLL_glcm_SumEntropy_left_lung,wavelet-HLL_glcm_SumSquares_left_lung,wavelet-HLL_glrlm_GrayLevelNonUniformity_left_lung,wavelet-HLL_glrlm_GrayLevelNonUniformityNormalized_left_lung,wavelet-HLL_glrlm_GrayLevelVariance_left_lung,wavelet-HLL_glrlm_HighGrayLevelRunEmphasis_left_lung,wavelet-HLL_glrlm_LongRunEmphasis_left_lung,wavelet-HLL_glrlm_LongRunHighGrayLevelEmphasis_left_lung,wavelet-HLL_glrlm_LongRunLowGrayLevelEmphasis_left_lung,wavelet-HLL_glrlm_LowGrayLevelRunEmphasis_left_lung,wavelet-HLL_glrlm_RunEntropy_left_lung,wavelet-HLL_glrlm_RunLengthNonUniformity_left_lung,wavelet-HLL_glrlm_RunLengthNonUniformityNormalized_left_lung,wavelet-HLL_glrlm_RunPercentage_left_lung,wavelet-HLL_glrlm_RunVariance_left_lung,wavelet-HLL_glrlm_ShortRunEmphasis_left_lung,wavelet-HLL_glrlm_ShortRunHighGrayLevelEmphasis_left_lung,wavelet-HLL_glrlm_ShortRunLowGrayLevelEmphasis_left_lung,wavelet-HLL_glszm_GrayLevelNonUniformity_left_lung,wavelet-HLL_glszm_GrayLevelNonUniformityNormalized_left_lung,wavelet-HLL_glszm_GrayLevelVariance_left_lung,wavelet-HLL_glszm_HighGrayLevelZoneEmphasis_left_lung,wavelet-HLL_glszm_LargeAreaEmphasis_left_lung,wavelet-HLL_glszm_LargeAreaHighGrayLevelEmphasis_left_lung,wavelet-HLL_glszm_LargeAreaLowGrayLevelEmphasis_left_lung,wavelet-HLL_glszm_LowGrayLevelZoneEmphasis_left_lung,wavelet-HLL_glszm_SizeZoneNonUniformity_left_lung,wavelet-HLL_glszm_SizeZoneNonUniformityNormalized_left_lung,wavelet-HLL_glszm_SmallAreaEmphasis_left_lung,wavelet-HLL_glszm_SmallAreaHighGrayLevelEmphasis_left_lung,wavelet-HLL_glszm_SmallAreaLowGrayLevelEmphasis_left_lung,wavelet-HLL_glszm_ZoneEntropy_left_lung,wavelet-HLL_glszm_ZonePercentage_left_lung,wavelet-HLL_glszm_ZoneVariance_left_lung,wavelet-HLL_gldm_DependenceEntropy_left_lung,wavelet-HLL_gldm_DependenceNonUniformity_left_lung,wavelet-HLL_gldm_DependenceNonUniformityNormalized_left_lung,wavelet-HLL_gldm_DependenceVariance_left_lung,wavelet-HLL_gldm_GrayLevelNonUniformity_left_lung,wavelet-HLL_gldm_GrayLevelVariance_left_lung,wavelet-HLL_gldm_HighGrayLevelEmphasis_left_lung,wavelet-HLL_gldm_LargeDependenceEmphasis_left_lung,wavelet-HLL_gldm_LargeDependenceHighGrayLevelEmphasis_left_lung,wavelet-HLL_gldm_LargeDependenceLowGrayLevelEmphasis_left_lung,wavelet-HLL_gldm_LowGrayLevelEmphasis_left_lung,wavelet-HLL_gldm_SmallDependenceEmphasis_left_lung,wavelet-HLL_gldm_SmallDependenceHighGrayLevelEmphasis_left_lung,wavelet-HLL_gldm_SmallDependenceLowGrayLevelEmphasis_left_lung,wavelet-HLL_ngtdm_Busyness_left_lung,wavelet-HLL_ngtdm_Coarseness_left_lung,wavelet-HLL_ngtdm_Complexity_left_lung,wavelet-HLL_ngtdm_Contrast_left_lung,wavelet-HLL_ngtdm_Strength_left_lung,wavelet-HLH_firstorder_10Percentile_left_lung,wavelet-HLH_firstorder_90Percentile_left_lung,wavelet-HLH_firstorder_Energy_left_lung,wavelet-HLH_firstorder_Entropy_left_lung,wavelet-HLH_firstorder_InterquartileRange_left_lung,wavelet-HLH_firstorder_Kurtosis_left_lung,wavelet-HLH_firstorder_Maximum_left_lung,wavelet-HLH_firstorder_MeanAbsoluteDeviation_left_lung,wavelet-HLH_firstorder_Mean_left_lung,wavelet-HLH_firstorder_Median_left_lung,wavelet-HLH_firstorder_Minimum_left_lung,wavelet-HLH_firstorder_Range_left_lung,wavelet-HLH_firstorder_RobustMeanAbsoluteDeviation_left_lung,wavelet-HLH_firstorder_RootMeanSquared_left_lung,wavelet-HLH_firstorder_Skewness_left_lung,wavelet-HLH_firstorder_TotalEnergy_left_lung,wavelet-HLH_firstorder_Uniformity_left_lung,wavelet-HLH_firstorder_Variance_left_lung,wavelet-HLH_glcm_Autocorrelation_left_lung,wavelet-HLH_glcm_ClusterProminence_left_lung,wavelet-HLH_glcm_ClusterShade_left_lung,wavelet-HLH_glcm_ClusterTendency_left_lung,wavelet-HLH_glcm_Contrast_left_lung,wavelet-HLH_glcm_Correlation_left_lung,wavelet-HLH_glcm_DifferenceAverage_left_lung,wavelet-HLH_glcm_DifferenceEntropy_left_lung,wavelet-HLH_glcm_DifferenceVariance_left_lung,wavelet-HLH_glcm_Id_left_lung,wavelet-HLH_glcm_Idm_left_lung,wavelet-HLH_glcm_Idmn_left_lung,wavelet-HLH_glcm_Idn_left_lung,wavelet-HLH_glcm_Imc1_left_lung,wavelet-HLH_glcm_Imc2_left_lung,wavelet-HLH_glcm_InverseVariance_left_lung,wavelet-HLH_glcm_JointAverage_left_lung,wavelet-HLH_glcm_JointEnergy_left_lung,wavelet-HLH_glcm_JointEntropy_left_lung,wavelet-HLH_glcm_MCC_left_lung,wavelet-HLH_glcm_MaximumProbability_left_lung,wavelet-HLH_glcm_SumAverage_left_lung,wavelet-HLH_glcm_SumEntropy_left_lung,wavelet-HLH_glcm_SumSquares_left_lung,wavelet-HLH_glrlm_GrayLevelNonUniformity_left_lung,wavelet-HLH_glrlm_GrayLevelNonUniformityNormalized_left_lung,wavelet-HLH_glrlm_GrayLevelVariance_left_lung,wavelet-HLH_glrlm_HighGrayLevelRunEmphasis_left_lung,wavelet-HLH_glrlm_LongRunEmphasis_left_lung,wavelet-HLH_glrlm_LongRunHighGrayLevelEmphasis_left_lung,wavelet-HLH_glrlm_LongRunLowGrayLevelEmphasis_left_lung,wavelet-HLH_glrlm_LowGrayLevelRunEmphasis_left_lung,wavelet-HLH_glrlm_RunEntropy_left_lung,wavelet-HLH_glrlm_RunLengthNonUniformity_left_lung,wavelet-HLH_glrlm_RunLengthNonUniformityNormalized_left_lung,wavelet-HLH_glrlm_RunPercentage_left_lung,wavelet-HLH_glrlm_RunVariance_left_lung,wavelet-HLH_glrlm_ShortRunEmphasis_left_lung,wavelet-HLH_glrlm_ShortRunHighGrayLevelEmphasis_left_lung,wavelet-HLH_glrlm_ShortRunLowGrayLevelEmphasis_left_lung,wavelet-HLH_glszm_GrayLevelNonUniformity_left_lung,wavelet-HLH_glszm_GrayLevelNonUniformityNormalized_left_lung,wavelet-HLH_glszm_GrayLevelVariance_left_lung,wavelet-HLH_glszm_HighGrayLevelZoneEmphasis_left_lung,wavelet-HLH_glszm_LargeAreaEmphasis_left_lung,wavelet-HLH_glszm_LargeAreaHighGrayLevelEmphasis_left_lung,wavelet-HLH_glszm_LargeAreaLowGrayLevelEmphasis_left_lung,wavelet-HLH_glszm_LowGrayLevelZoneEmphasis_left_lung,wavelet-HLH_glszm_SizeZoneNonUniformity_left_lung,wavelet-HLH_glszm_SizeZoneNonUniformityNormalized_left_lung,wavelet-HLH_glszm_SmallAreaEmphasis_left_lung,wavelet-HLH_glszm_SmallAreaHighGrayLevelEmphasis_left_lung,wavelet-HLH_glszm_SmallAreaLowGrayLevelEmphasis_left_lung,wavelet-HLH_glszm_ZoneEntropy_left_lung,wavelet-HLH_glszm_ZonePercentage_left_lung,wavelet-HLH_glszm_ZoneVariance_left_lung,wavelet-HLH_gldm_DependenceEntropy_left_lung,wavelet-HLH_gldm_DependenceNonUniformity_left_lung,wavelet-HLH_gldm_DependenceNonUniformityNormalized_left_lung,wavelet-HLH_gldm_DependenceVariance_left_lung,wavelet-HLH_gldm_GrayLevelNonUniformity_left_lung,wavelet-HLH_gldm_GrayLevelVariance_left_lung,wavelet-HLH_gldm_HighGrayLevelEmphasis_left_lung,wavelet-HLH_gldm_LargeDependenceEmphasis_left_lung,wavelet-HLH_gldm_LargeDependenceHighGrayLevelEmphasis_left_lung,wavelet-HLH_gldm_LargeDependenceLowGrayLevelEmphasis_left_lung,wavelet-HLH_gldm_LowGrayLevelEmphasis_left_lung,wavelet-HLH_gldm_SmallDependenceEmphasis_left_lung,wavelet-HLH_gldm_SmallDependenceHighGrayLevelEmphasis_left_lung,wavelet-HLH_gldm_SmallDependenceLowGrayLevelEmphasis_left_lung,wavelet-HLH_ngtdm_Busyness_left_lung,wavelet-HLH_ngtdm_Coarseness_left_lung,wavelet-HLH_ngtdm_Complexity_left_lung,wavelet-HLH_ngtdm_Contrast_left_lung,wavelet-HLH_ngtdm_Strength_left_lung,wavelet-HHL_firstorder_10Percentile_left_lung,wavelet-HHL_firstorder_90Percentile_left_lung,wavelet-HHL_firstorder_Energy_left_lung,wavelet-HHL_firstorder_Entropy_left_lung,wavelet-HHL_firstorder_InterquartileRange_left_lung,wavelet-HHL_firstorder_Kurtosis_left_lung,wavelet-HHL_firstorder_Maximum_left_lung,wavelet-HHL_firstorder_MeanAbsoluteDeviation_left_lung,wavelet-HHL_firstorder_Mean_left_lung,wavelet-HHL_firstorder_Median_left_lung,wavelet-HHL_firstorder_Minimum_left_lung,wavelet-HHL_firstorder_Range_left_lung,wavelet-HHL_firstorder_RobustMeanAbsoluteDeviation_left_lung,wavelet-HHL_firstorder_RootMeanSquared_left_lung,wavelet-HHL_firstorder_Skewness_left_lung,wavelet-HHL_firstorder_TotalEnergy_left_lung,wavelet-HHL_firstorder_Uniformity_left_lung,wavelet-HHL_firstorder_Variance_left_lung,wavelet-HHL_glcm_Autocorrelation_left_lung,wavelet-HHL_glcm_ClusterProminence_left_lung,wavelet-HHL_glcm_ClusterShade_left_lung,wavelet-HHL_glcm_ClusterTendency_left_lung,wavelet-HHL_glcm_Contrast_left_lung,wavelet-HHL_glcm_Correlation_left_lung,wavelet-HHL_glcm_DifferenceAverage_left_lung,wavelet-HHL_glcm_DifferenceEntropy_left_lung,wavelet-HHL_glcm_DifferenceVariance_left_lung,wavelet-HHL_glcm_Id_left_lung,wavelet-HHL_glcm_Idm_left_lung,wavelet-HHL_glcm_Idmn_left_lung,wavelet-HHL_glcm_Idn_left_lung,wavelet-HHL_glcm_Imc1_left_lung,wavelet-HHL_glcm_Imc2_left_lung,wavelet-HHL_glcm_InverseVariance_left_lung,wavelet-HHL_glcm_JointAverage_left_lung,wavelet-HHL_glcm_JointEnergy_left_lung,wavelet-HHL_glcm_JointEntropy_left_lung,wavelet-HHL_glcm_MCC_left_lung,wavelet-HHL_glcm_MaximumProbability_left_lung,wavelet-HHL_glcm_SumAverage_left_lung,wavelet-HHL_glcm_SumEntropy_left_lung,wavelet-HHL_glcm_SumSquares_left_lung,wavelet-HHL_glrlm_GrayLevelNonUniformity_left_lung,wavelet-HHL_glrlm_GrayLevelNonUniformityNormalized_left_lung,wavelet-HHL_glrlm_GrayLevelVariance_left_lung,wavelet-HHL_glrlm_HighGrayLevelRunEmphasis_left_lung,wavelet-HHL_glrlm_LongRunEmphasis_left_lung,wavelet-HHL_glrlm_LongRunHighGrayLevelEmphasis_left_lung,wavelet-HHL_glrlm_LongRunLowGrayLevelEmphasis_left_lung,wavelet-HHL_glrlm_LowGrayLevelRunEmphasis_left_lung,wavelet-HHL_glrlm_RunEntropy_left_lung,wavelet-HHL_glrlm_RunLengthNonUniformity_left_lung,wavelet-HHL_glrlm_RunLengthNonUniformityNormalized_left_lung,wavelet-HHL_glrlm_RunPercentage_left_lung,wavelet-HHL_glrlm_RunVariance_left_lung,wavelet-HHL_glrlm_ShortRunEmphasis_left_lung,wavelet-HHL_glrlm_ShortRunHighGrayLevelEmphasis_left_lung,wavelet-HHL_glrlm_ShortRunLowGrayLevelEmphasis_left_lung,wavelet-HHL_glszm_GrayLevelNonUniformity_left_lung,wavelet-HHL_glszm_GrayLevelNonUniformityNormalized_left_lung,wavelet-HHL_glszm_GrayLevelVariance_left_lung,wavelet-HHL_glszm_HighGrayLevelZoneEmphasis_left_lung,wavelet-HHL_glszm_LargeAreaEmphasis_left_lung,wavelet-HHL_glszm_LargeAreaHighGrayLevelEmphasis_left_lung,wavelet-HHL_glszm_LargeAreaLowGrayLevelEmphasis_left_lung,wavelet-HHL_glszm_LowGrayLevelZoneEmphasis_left_lung,wavelet-HHL_glszm_SizeZoneNonUniformity_left_lung,wavelet-HHL_glszm_SizeZoneNonUniformityNormalized_left_lung,wavelet-HHL_glszm_SmallAreaEmphasis_left_lung,wavelet-HHL_glszm_SmallAreaHighGrayLevelEmphasis_left_lung,wavelet-HHL_glszm_SmallAreaLowGrayLevelEmphasis_left_lung,wavelet-HHL_glszm_ZoneEntropy_left_lung,wavelet-HHL_glszm_ZonePercentage_left_lung,wavelet-HHL_glszm_ZoneVariance_left_lung,wavelet-HHL_gldm_DependenceEntropy_left_lung,wavelet-HHL_gldm_DependenceNonUniformity_left_lung,wavelet-HHL_gldm_DependenceNonUniformityNormalized_left_lung,wavelet-HHL_gldm_DependenceVariance_left_lung,wavelet-HHL_gldm_GrayLevelNonUniformity_left_lung,wavelet-HHL_gldm_GrayLevelVariance_left_lung,wavelet-HHL_gldm_HighGrayLevelEmphasis_left_lung,wavelet-HHL_gldm_LargeDependenceEmphasis_left_lung,wavelet-HHL_gldm_LargeDependenceHighGrayLevelEmphasis_left_lung,wavelet-HHL_gldm_LargeDependenceLowGrayLevelEmphasis_left_lung,wavelet-HHL_gldm_LowGrayLevelEmphasis_left_lung,wavelet-HHL_gldm_SmallDependenceEmphasis_left_lung,wavelet-HHL_gldm_SmallDependenceHighGrayLevelEmphasis_left_lung,wavelet-HHL_gldm_SmallDependenceLowGrayLevelEmphasis_left_lung,wavelet-HHL_ngtdm_Busyness_left_lung,wavelet-HHL_ngtdm_Coarseness_left_lung,wavelet-HHL_ngtdm_Complexity_left_lung,wavelet-HHL_ngtdm_Contrast_left_lung,wavelet-HHL_ngtdm_Strength_left_lung,wavelet-HHH_firstorder_10Percentile_left_lung,wavelet-HHH_firstorder_90Percentile_left_lung,wavelet-HHH_firstorder_Energy_left_lung,wavelet-HHH_firstorder_Entropy_left_lung,wavelet-HHH_firstorder_InterquartileRange_left_lung,wavelet-HHH_firstorder_Kurtosis_left_lung,wavelet-HHH_firstorder_Maximum_left_lung,wavelet-HHH_firstorder_MeanAbsoluteDeviation_left_lung,wavelet-HHH_firstorder_Mean_left_lung,wavelet-HHH_firstorder_Median_left_lung,wavelet-HHH_firstorder_Minimum_left_lung,wavelet-HHH_firstorder_Range_left_lung,wavelet-HHH_firstorder_RobustMeanAbsoluteDeviation_left_lung,wavelet-HHH_firstorder_RootMeanSquared_left_lung,wavelet-HHH_firstorder_Skewness_left_lung,wavelet-HHH_firstorder_TotalEnergy_left_lung,wavelet-HHH_firstorder_Uniformity_left_lung,wavelet-HHH_firstorder_Variance_left_lung,wavelet-HHH_glcm_Autocorrelation_left_lung,wavelet-HHH_glcm_ClusterProminence_left_lung,wavelet-HHH_glcm_ClusterShade_left_lung,wavelet-HHH_glcm_ClusterTendency_left_lung,wavelet-HHH_glcm_Contrast_left_lung,wavelet-HHH_glcm_Correlation_left_lung,wavelet-HHH_glcm_DifferenceAverage_left_lung,wavelet-HHH_glcm_DifferenceEntropy_left_lung,wavelet-HHH_glcm_DifferenceVariance_left_lung,wavelet-HHH_glcm_Id_left_lung,wavelet-HHH_glcm_Idm_left_lung,wavelet-HHH_glcm_Idmn_left_lung,wavelet-HHH_glcm_Idn_left_lung,wavelet-HHH_glcm_Imc1_left_lung,wavelet-HHH_glcm_Imc2_left_lung,wavelet-HHH_glcm_InverseVariance_left_lung,wavelet-HHH_glcm_JointAverage_left_lung,wavelet-HHH_glcm_JointEnergy_left_lung,wavelet-HHH_glcm_JointEntropy_left_lung,wavelet-HHH_glcm_MCC_left_lung,wavelet-HHH_glcm_MaximumProbability_left_lung,wavelet-HHH_glcm_SumAverage_left_lung,wavelet-HHH_glcm_SumEntropy_left_lung,wavelet-HHH_glcm_SumSquares_left_lung,wavelet-HHH_glrlm_GrayLevelNonUniformity_left_lung,wavelet-HHH_glrlm_GrayLevelNonUniformityNormalized_left_lung,wavelet-HHH_glrlm_GrayLevelVariance_left_lung,wavelet-HHH_glrlm_HighGrayLevelRunEmphasis_left_lung,wavelet-HHH_glrlm_LongRunEmphasis_left_lung,wavelet-HHH_glrlm_LongRunHighGrayLevelEmphasis_left_lung,wavelet-HHH_glrlm_LongRunLowGrayLevelEmphasis_left_lung,wavelet-HHH_glrlm_LowGrayLevelRunEmphasis_left_lung,wavelet-HHH_glrlm_RunEntropy_left_lung,wavelet-HHH_glrlm_RunLengthNonUniformity_left_lung,wavelet-HHH_glrlm_RunLengthNonUniformityNormalized_left_lung,wavelet-HHH_glrlm_RunPercentage_left_lung,wavelet-HHH_glrlm_RunVariance_left_lung,wavelet-HHH_glrlm_ShortRunEmphasis_left_lung,wavelet-HHH_glrlm_ShortRunHighGrayLevelEmphasis_left_lung,wavelet-HHH_glrlm_ShortRunLowGrayLevelEmphasis_left_lung,wavelet-HHH_glszm_GrayLevelNonUniformity_left_lung,wavelet-HHH_glszm_GrayLevelNonUniformityNormalized_left_lung,wavelet-HHH_glszm_GrayLevelVariance_left_lung,wavelet-HHH_glszm_HighGrayLevelZoneEmphasis_left_lung,wavelet-HHH_glszm_LargeAreaEmphasis_left_lung,wavelet-HHH_glszm_LargeAreaHighGrayLevelEmphasis_left_lung,wavelet-HHH_glszm_LargeAreaLowGrayLevelEmphasis_left_lung,wavelet-HHH_glszm_LowGrayLevelZoneEmphasis_left_lung,wavelet-HHH_glszm_SizeZoneNonUniformity_left_lung,wavelet-HHH_glszm_SizeZoneNonUniformityNormalized_left_lung,wavelet-HHH_glszm_SmallAreaEmphasis_left_lung,wavelet-HHH_glszm_SmallAreaHighGrayLevelEmphasis_left_lung,wavelet-HHH_glszm_SmallAreaLowGrayLevelEmphasis_left_lung,wavelet-HHH_glszm_ZoneEntropy_left_lung,wavelet-HHH_glszm_ZonePercentage_left_lung,wavelet-HHH_glszm_ZoneVariance_left_lung,wavelet-HHH_gldm_DependenceEntropy_left_lung,wavelet-HHH_gldm_DependenceNonUniformity_left_lung,wavelet-HHH_gldm_DependenceNonUniformityNormalized_left_lung,wavelet-HHH_gldm_DependenceVariance_left_lung,wavelet-HHH_gldm_GrayLevelNonUniformity_left_lung,wavelet-HHH_gldm_GrayLevelVariance_left_lung,wavelet-HHH_gldm_HighGrayLevelEmphasis_left_lung,wavelet-HHH_gldm_LargeDependenceEmphasis_left_lung,wavelet-HHH_gldm_LargeDependenceHighGrayLevelEmphasis_left_lung,wavelet-HHH_gldm_LargeDependenceLowGrayLevelEmphasis_left_lung,wavelet-HHH_gldm_LowGrayLevelEmphasis_left_lung,wavelet-HHH_gldm_SmallDependenceEmphasis_left_lung,wavelet-HHH_gldm_SmallDependenceHighGrayLevelEmphasis_left_lung,wavelet-HHH_gldm_SmallDependenceLowGrayLevelEmphasis_left_lung,wavelet-HHH_ngtdm_Busyness_left_lung,wavelet-HHH_ngtdm_Coarseness_left_lung,wavelet-HHH_ngtdm_Complexity_left_lung,wavelet-HHH_ngtdm_Contrast_left_lung,wavelet-HHH_ngtdm_Strength_left_lung,wavelet-LLL_firstorder_10Percentile_left_lung,wavelet-LLL_firstorder_90Percentile_left_lung,wavelet-LLL_firstorder_Energy_left_lung,wavelet-LLL_firstorder_Entropy_left_lung,wavelet-LLL_firstorder_InterquartileRange_left_lung,wavelet-LLL_firstorder_Kurtosis_left_lung,wavelet-LLL_firstorder_Maximum_left_lung,wavelet-LLL_firstorder_MeanAbsoluteDeviation_left_lung,wavelet-LLL_firstorder_Mean_left_lung,wavelet-LLL_firstorder_Median_left_lung,wavelet-LLL_firstorder_Minimum_left_lung,wavelet-LLL_firstorder_Range_left_lung,wavelet-LLL_firstorder_RobustMeanAbsoluteDeviation_left_lung,wavelet-LLL_firstorder_RootMeanSquared_left_lung,wavelet-LLL_firstorder_Skewness_left_lung,wavelet-LLL_firstorder_TotalEnergy_left_lung,wavelet-LLL_firstorder_Uniformity_left_lung,wavelet-LLL_firstorder_Variance_left_lung,wavelet-LLL_glcm_Autocorrelation_left_lung,wavelet-LLL_glcm_ClusterProminence_left_lung,wavelet-LLL_glcm_ClusterShade_left_lung,wavelet-LLL_glcm_ClusterTendency_left_lung,wavelet-LLL_glcm_Contrast_left_lung,wavelet-LLL_glcm_Correlation_left_lung,wavelet-LLL_glcm_DifferenceAverage_left_lung,wavelet-LLL_glcm_DifferenceEntropy_left_lung,wavelet-LLL_glcm_DifferenceVariance_left_lung,wavelet-LLL_glcm_Id_left_lung,wavelet-LLL_glcm_Idm_left_lung,wavelet-LLL_glcm_Idmn_left_lung,wavelet-LLL_glcm_Idn_left_lung,wavelet-LLL_glcm_Imc1_left_lung,wavelet-LLL_glcm_Imc2_left_lung,wavelet-LLL_glcm_InverseVariance_left_lung,wavelet-LLL_glcm_JointAverage_left_lung,wavelet-LLL_glcm_JointEnergy_left_lung,wavelet-LLL_glcm_JointEntropy_left_lung,wavelet-LLL_glcm_MCC_left_lung,wavelet-LLL_glcm_MaximumProbability_left_lung,wavelet-LLL_glcm_SumAverage_left_lung,wavelet-LLL_glcm_SumEntropy_left_lung,wavelet-LLL_glcm_SumSquares_left_lung,wavelet-LLL_glrlm_GrayLevelNonUniformity_left_lung,wavelet-LLL_glrlm_GrayLevelNonUniformityNormalized_left_lung,wavelet-LLL_glrlm_GrayLevelVariance_left_lung,wavelet-LLL_glrlm_HighGrayLevelRunEmphasis_left_lung,wavelet-LLL_glrlm_LongRunEmphasis_left_lung,wavelet-LLL_glrlm_LongRunHighGrayLevelEmphasis_left_lung,wavelet-LLL_glrlm_LongRunLowGrayLevelEmphasis_left_lung,wavelet-LLL_glrlm_LowGrayLevelRunEmphasis_left_lung,wavelet-LLL_glrlm_RunEntropy_left_lung,wavelet-LLL_glrlm_RunLengthNonUniformity_left_lung,wavelet-LLL_glrlm_RunLengthNonUniformityNormalized_left_lung,wavelet-LLL_glrlm_RunPercentage_left_lung,wavelet-LLL_glrlm_RunVariance_left_lung,wavelet-LLL_glrlm_ShortRunEmphasis_left_lung,wavelet-LLL_glrlm_ShortRunHighGrayLevelEmphasis_left_lung,wavelet-LLL_glrlm_ShortRunLowGrayLevelEmphasis_left_lung,wavelet-LLL_glszm_GrayLevelNonUniformity_left_lung,wavelet-LLL_glszm_GrayLevelNonUniformityNormalized_left_lung,wavelet-LLL_glszm_GrayLevelVariance_left_lung,wavelet-LLL_glszm_HighGrayLevelZoneEmphasis_left_lung,wavelet-LLL_glszm_LargeAreaEmphasis_left_lung,wavelet-LLL_glszm_LargeAreaHighGrayLevelEmphasis_left_lung,wavelet-LLL_glszm_LargeAreaLowGrayLevelEmphasis_left_lung,wavelet-LLL_glszm_LowGrayLevelZoneEmphasis_left_lung,wavelet-LLL_glszm_SizeZoneNonUniformity_left_lung,wavelet-LLL_glszm_SizeZoneNonUniformityNormalized_left_lung,wavelet-LLL_glszm_SmallAreaEmphasis_left_lung,wavelet-LLL_glszm_SmallAreaHighGrayLevelEmphasis_left_lung,wavelet-LLL_glszm_SmallAreaLowGrayLevelEmphasis_left_lung,wavelet-LLL_glszm_ZoneEntropy_left_lung,wavelet-LLL_glszm_ZonePercentage_left_lung,wavelet-LLL_glszm_ZoneVariance_left_lung,wavelet-LLL_gldm_DependenceEntropy_left_lung,wavelet-LLL_gldm_DependenceNonUniformity_left_lung,wavelet-LLL_gldm_DependenceNonUniformityNormalized_left_lung,wavelet-LLL_gldm_DependenceVariance_left_lung,wavelet-LLL_gldm_GrayLevelNonUniformity_left_lung,wavelet-LLL_gldm_GrayLevelVariance_left_lung,wavelet-LLL_gldm_HighGrayLevelEmphasis_left_lung,wavelet-LLL_gldm_LargeDependenceEmphasis_left_lung,wavelet-LLL_gldm_LargeDependenceHighGrayLevelEmphasis_left_lung,wavelet-LLL_gldm_LargeDependenceLowGrayLevelEmphasis_left_lung,wavelet-LLL_gldm_LowGrayLevelEmphasis_left_lung,wavelet-LLL_gldm_SmallDependenceEmphasis_left_lung,wavelet-LLL_gldm_SmallDependenceHighGrayLevelEmphasis_left_lung,wavelet-LLL_gldm_SmallDependenceLowGrayLevelEmphasis_left_lung,wavelet-LLL_ngtdm_Busyness_left_lung,wavelet-LLL_ngtdm_Coarseness_left_lung,wavelet-LLL_ngtdm_Complexity_left_lung,wavelet-LLL_ngtdm_Contrast_left_lung,wavelet-LLL_ngtdm_Strength_left_lung,log-sigma-1-0-mm-3D_firstorder_10Percentile_left_lung,log-sigma-1-0-mm-3D_firstorder_90Percentile_left_lung,log-sigma-1-0-mm-3D_firstorder_Energy_left_lung,log-sigma-1-0-mm-3D_firstorder_Entropy_left_lung,log-sigma-1-0-mm-3D_firstorder_InterquartileRange_left_lung,log-sigma-1-0-mm-3D_firstorder_Kurtosis_left_lung,log-sigma-1-0-mm-3D_firstorder_Maximum_left_lung,log-sigma-1-0-mm-3D_firstorder_MeanAbsoluteDeviation_left_lung,log-sigma-1-0-mm-3D_firstorder_Mean_left_lung,log-sigma-1-0-mm-3D_firstorder_Median_left_lung,log-sigma-1-0-mm-3D_firstorder_Minimum_left_lung,log-sigma-1-0-mm-3D_firstorder_Range_left_lung,log-sigma-1-0-mm-3D_firstorder_RobustMeanAbsoluteDeviation_left_lung,log-sigma-1-0-mm-3D_firstorder_RootMeanSquared_left_lung,log-sigma-1-0-mm-3D_firstorder_Skewness_left_lung,log-sigma-1-0-mm-3D_firstorder_TotalEnergy_left_lung,log-sigma-1-0-mm-3D_firstorder_Uniformity_left_lung,log-sigma-1-0-mm-3D_firstorder_Variance_left_lung,log-sigma-1-0-mm-3D_glcm_Autocorrelation_left_lung,log-sigma-1-0-mm-3D_glcm_ClusterProminence_left_lung,log-sigma-1-0-mm-3D_glcm_ClusterShade_left_lung,log-sigma-1-0-mm-3D_glcm_ClusterTendency_left_lung,log-sigma-1-0-mm-3D_glcm_Contrast_left_lung,log-sigma-1-0-mm-3D_glcm_Correlation_left_lung,log-sigma-1-0-mm-3D_glcm_DifferenceAverage_left_lung,log-sigma-1-0-mm-3D_glcm_DifferenceEntropy_left_lung,log-sigma-1-0-mm-3D_glcm_DifferenceVariance_left_lung,log-sigma-1-0-mm-3D_glcm_Id_left_lung,log-sigma-1-0-mm-3D_glcm_Idm_left_lung,log-sigma-1-0-mm-3D_glcm_Idmn_left_lung,log-sigma-1-0-mm-3D_glcm_Idn_left_lung,log-sigma-1-0-mm-3D_glcm_Imc1_left_lung,log-sigma-1-0-mm-3D_glcm_Imc2_left_lung,log-sigma-1-0-mm-3D_glcm_InverseVariance_left_lung,log-sigma-1-0-mm-3D_glcm_JointAverage_left_lung,log-sigma-1-0-mm-3D_glcm_JointEnergy_left_lung,log-sigma-1-0-mm-3D_glcm_JointEntropy_left_lung,log-sigma-1-0-mm-3D_glcm_MCC_left_lung,log-sigma-1-0-mm-3D_glcm_MaximumProbability_left_lung,log-sigma-1-0-mm-3D_glcm_SumAverage_left_lung,log-sigma-1-0-mm-3D_glcm_SumEntropy_left_lung,log-sigma-1-0-mm-3D_glcm_SumSquares_left_lung,log-sigma-1-0-mm-3D_glrlm_GrayLevelNonUniformity_left_lung,log-sigma-1-0-mm-3D_glrlm_GrayLevelNonUniformityNormalized_left_lung,log-sigma-1-0-mm-3D_glrlm_GrayLevelVariance_left_lung,log-sigma-1-0-mm-3D_glrlm_HighGrayLevelRunEmphasis_left_lung,log-sigma-1-0-mm-3D_glrlm_LongRunEmphasis_left_lung,log-sigma-1-0-mm-3D_glrlm_LongRunHighGrayLevelEmphasis_left_lung,log-sigma-1-0-mm-3D_glrlm_LongRunLowGrayLevelEmphasis_left_lung,log-sigma-1-0-mm-3D_glrlm_LowGrayLevelRunEmphasis_left_lung,log-sigma-1-0-mm-3D_glrlm_RunEntropy_left_lung,log-sigma-1-0-mm-3D_glrlm_RunLengthNonUniformity_left_lung,log-sigma-1-0-mm-3D_glrlm_RunLengthNonUniformityNormalized_left_lung,log-sigma-1-0-mm-3D_glrlm_RunPercentage_left_lung,log-sigma-1-0-mm-3D_glrlm_RunVariance_left_lung,log-sigma-1-0-mm-3D_glrlm_ShortRunEmphasis_left_lung,log-sigma-1-0-mm-3D_glrlm_ShortRunHighGrayLevelEmphasis_left_lung,log-sigma-1-0-mm-3D_glrlm_ShortRunLowGrayLevelEmphasis_left_lung,log-sigma-1-0-mm-3D_glszm_GrayLevelNonUniformity_left_lung,log-sigma-1-0-mm-3D_glszm_GrayLevelNonUniformityNormalized_left_lung,log-sigma-1-0-mm-3D_glszm_GrayLevelVariance_left_lung,log-sigma-1-0-mm-3D_glszm_HighGrayLevelZoneEmphasis_left_lung,log-sigma-1-0-mm-3D_glszm_LargeAreaEmphasis_left_lung,log-sigma-1-0-mm-3D_glszm_LargeAreaHighGrayLevelEmphasis_left_lung,log-sigma-1-0-mm-3D_glszm_LargeAreaLowGrayLevelEmphasis_left_lung,log-sigma-1-0-mm-3D_glszm_LowGrayLevelZoneEmphasis_left_lung,log-sigma-1-0-mm-3D_glszm_SizeZoneNonUniformity_left_lung,log-sigma-1-0-mm-3D_glszm_SizeZoneNonUniformityNormalized_left_lung,log-sigma-1-0-mm-3D_glszm_SmallAreaEmphasis_left_lung,log-sigma-1-0-mm-3D_glszm_SmallAreaHighGrayLevelEmphasis_left_lung,log-sigma-1-0-mm-3D_glszm_SmallAreaLowGrayLevelEmphasis_left_lung,log-sigma-1-0-mm-3D_glszm_ZoneEntropy_left_lung,log-sigma-1-0-mm-3D_glszm_ZonePercentage_left_lung,log-sigma-1-0-mm-3D_glszm_ZoneVariance_left_lung,log-sigma-1-0-mm-3D_gldm_DependenceEntropy_left_lung,log-sigma-1-0-mm-3D_gldm_DependenceNonUniformity_left_lung,log-sigma-1-0-mm-3D_gldm_DependenceNonUniformityNormalized_left_lung,log-sigma-1-0-mm-3D_gldm_DependenceVariance_left_lung,log-sigma-1-0-mm-3D_gldm_GrayLevelNonUniformity_left_lung,log-sigma-1-0-mm-3D_gldm_GrayLevelVariance_left_lung,log-sigma-1-0-mm-3D_gldm_HighGrayLevelEmphasis_left_lung,log-sigma-1-0-mm-3D_gldm_LargeDependenceEmphasis_left_lung,log-sigma-1-0-mm-3D_gldm_LargeDependenceHighGrayLevelEmphasis_left_lung,log-sigma-1-0-mm-3D_gldm_LargeDependenceLowGrayLevelEmphasis_left_lung,log-sigma-1-0-mm-3D_gldm_LowGrayLevelEmphasis_left_lung,log-sigma-1-0-mm-3D_gldm_SmallDependenceEmphasis_left_lung,log-sigma-1-0-mm-3D_gldm_SmallDependenceHighGrayLevelEmphasis_left_lung,log-sigma-1-0-mm-3D_gldm_SmallDependenceLowGrayLevelEmphasis_left_lung,log-sigma-1-0-mm-3D_ngtdm_Busyness_left_lung,log-sigma-1-0-mm-3D_ngtdm_Coarseness_left_lung,log-sigma-1-0-mm-3D_ngtdm_Complexity_left_lung,log-sigma-1-0-mm-3D_ngtdm_Contrast_left_lung,log-sigma-1-0-mm-3D_ngtdm_Strength_left_lung,log-sigma-2-0-mm-3D_firstorder_10Percentile_left_lung,log-sigma-2-0-mm-3D_firstorder_90Percentile_left_lung,log-sigma-2-0-mm-3D_firstorder_Energy_left_lung,log-sigma-2-0-mm-3D_firstorder_Entropy_left_lung,log-sigma-2-0-mm-3D_firstorder_InterquartileRange_left_lung,log-sigma-2-0-mm-3D_firstorder_Kurtosis_left_lung,log-sigma-2-0-mm-3D_firstorder_Maximum_left_lung,log-sigma-2-0-mm-3D_firstorder_MeanAbsoluteDeviation_left_lung,log-sigma-2-0-mm-3D_firstorder_Mean_left_lung,log-sigma-2-0-mm-3D_firstorder_Median_left_lung,log-sigma-2-0-mm-3D_firstorder_Minimum_left_lung,log-sigma-2-0-mm-3D_firstorder_Range_left_lung,log-sigma-2-0-mm-3D_firstorder_RobustMeanAbsoluteDeviation_left_lung,log-sigma-2-0-mm-3D_firstorder_RootMeanSquared_left_lung,log-sigma-2-0-mm-3D_firstorder_Skewness_left_lung,log-sigma-2-0-mm-3D_firstorder_TotalEnergy_left_lung,log-sigma-2-0-mm-3D_firstorder_Uniformity_left_lung,log-sigma-2-0-mm-3D_firstorder_Variance_left_lung,log-sigma-2-0-mm-3D_glcm_Autocorrelation_left_lung,log-sigma-2-0-mm-3D_glcm_ClusterProminence_left_lung,log-sigma-2-0-mm-3D_glcm_ClusterShade_left_lung,log-sigma-2-0-mm-3D_glcm_ClusterTendency_left_lung,log-sigma-2-0-mm-3D_glcm_Contrast_left_lung,log-sigma-2-0-mm-3D_glcm_Correlation_left_lung,log-sigma-2-0-mm-3D_glcm_DifferenceAverage_left_lung,log-sigma-2-0-mm-3D_glcm_DifferenceEntropy_left_lung,log-sigma-2-0-mm-3D_glcm_DifferenceVariance_left_lung,log-sigma-2-0-mm-3D_glcm_Id_left_lung,log-sigma-2-0-mm-3D_glcm_Idm_left_lung,log-sigma-2-0-mm-3D_glcm_Idmn_left_lung,log-sigma-2-0-mm-3D_glcm_Idn_left_lung,log-sigma-2-0-mm-3D_glcm_Imc1_left_lung,log-sigma-2-0-mm-3D_glcm_Imc2_left_lung,log-sigma-2-0-mm-3D_glcm_InverseVariance_left_lung,log-sigma-2-0-mm-3D_glcm_JointAverage_left_lung,log-sigma-2-0-mm-3D_glcm_JointEnergy_left_lung,log-sigma-2-0-mm-3D_glcm_JointEntropy_left_lung,log-sigma-2-0-mm-3D_glcm_MCC_left_lung,log-sigma-2-0-mm-3D_glcm_MaximumProbability_left_lung,log-sigma-2-0-mm-3D_glcm_SumAverage_left_lung,log-sigma-2-0-mm-3D_glcm_SumEntropy_left_lung,log-sigma-2-0-mm-3D_glcm_SumSquares_left_lung,log-sigma-2-0-mm-3D_glrlm_GrayLevelNonUniformity_left_lung,log-sigma-2-0-mm-3D_glrlm_GrayLevelNonUniformityNormalized_left_lung,log-sigma-2-0-mm-3D_glrlm_GrayLevelVariance_left_lung,log-sigma-2-0-mm-3D_glrlm_HighGrayLevelRunEmphasis_left_lung,log-sigma-2-0-mm-3D_glrlm_LongRunEmphasis_left_lung,log-sigma-2-0-mm-3D_glrlm_LongRunHighGrayLevelEmphasis_left_lung,log-sigma-2-0-mm-3D_glrlm_LongRunLowGrayLevelEmphasis_left_lung,log-sigma-2-0-mm-3D_glrlm_LowGrayLevelRunEmphasis_left_lung,log-sigma-2-0-mm-3D_glrlm_RunEntropy_left_lung,log-sigma-2-0-mm-3D_glrlm_RunLengthNonUniformity_left_lung,log-sigma-2-0-mm-3D_glrlm_RunLengthNonUniformityNormalized_left_lung,log-sigma-2-0-mm-3D_glrlm_RunPercentage_left_lung,log-sigma-2-0-mm-3D_glrlm_RunVariance_left_lung,log-sigma-2-0-mm-3D_glrlm_ShortRunEmphasis_left_lung,log-sigma-2-0-mm-3D_glrlm_ShortRunHighGrayLevelEmphasis_left_lung,log-sigma-2-0-mm-3D_glrlm_ShortRunLowGrayLevelEmphasis_left_lung,log-sigma-2-0-mm-3D_glszm_GrayLevelNonUniformity_left_lung,log-sigma-2-0-mm-3D_glszm_GrayLevelNonUniformityNormalized_left_lung,log-sigma-2-0-mm-3D_glszm_GrayLevelVariance_left_lung,log-sigma-2-0-mm-3D_glszm_HighGrayLevelZoneEmphasis_left_lung,log-sigma-2-0-mm-3D_glszm_LargeAreaEmphasis_left_lung,log-sigma-2-0-mm-3D_glszm_LargeAreaHighGrayLevelEmphasis_left_lung,log-sigma-2-0-mm-3D_glszm_LargeAreaLowGrayLevelEmphasis_left_lung,log-sigma-2-0-mm-3D_glszm_LowGrayLevelZoneEmphasis_left_lung,log-sigma-2-0-mm-3D_glszm_SizeZoneNonUniformity_left_lung,log-sigma-2-0-mm-3D_glszm_SizeZoneNonUniformityNormalized_left_lung,log-sigma-2-0-mm-3D_glszm_SmallAreaEmphasis_left_lung,log-sigma-2-0-mm-3D_glszm_SmallAreaHighGrayLevelEmphasis_left_lung,log-sigma-2-0-mm-3D_glszm_SmallAreaLowGrayLevelEmphasis_left_lung,log-sigma-2-0-mm-3D_glszm_ZoneEntropy_left_lung,log-sigma-2-0-mm-3D_glszm_ZonePercentage_left_lung,log-sigma-2-0-mm-3D_glszm_ZoneVariance_left_lung,log-sigma-2-0-mm-3D_gldm_DependenceEntropy_left_lung,log-sigma-2-0-mm-3D_gldm_DependenceNonUniformity_left_lung,log-sigma-2-0-mm-3D_gldm_DependenceNonUniformityNormalized_left_lung,log-sigma-2-0-mm-3D_gldm_DependenceVariance_left_lung,log-sigma-2-0-mm-3D_gldm_GrayLevelNonUniformity_left_lung,log-sigma-2-0-mm-3D_gldm_GrayLevelVariance_left_lung,log-sigma-2-0-mm-3D_gldm_HighGrayLevelEmphasis_left_lung,log-sigma-2-0-mm-3D_gldm_LargeDependenceEmphasis_left_lung,log-sigma-2-0-mm-3D_gldm_LargeDependenceHighGrayLevelEmphasis_left_lung,log-sigma-2-0-mm-3D_gldm_LargeDependenceLowGrayLevelEmphasis_left_lung,log-sigma-2-0-mm-3D_gldm_LowGrayLevelEmphasis_left_lung,log-sigma-2-0-mm-3D_gldm_SmallDependenceEmphasis_left_lung,log-sigma-2-0-mm-3D_gldm_SmallDependenceHighGrayLevelEmphasis_left_lung,log-sigma-2-0-mm-3D_gldm_SmallDependenceLowGrayLevelEmphasis_left_lung,log-sigma-2-0-mm-3D_ngtdm_Busyness_left_lung,log-sigma-2-0-mm-3D_ngtdm_Coarseness_left_lung,log-sigma-2-0-mm-3D_ngtdm_Complexity_left_lung,log-sigma-2-0-mm-3D_ngtdm_Contrast_left_lung,log-sigma-2-0-mm-3D_ngtdm_Strength_left_lung,log-sigma-3-0-mm-3D_firstorder_10Percentile_left_lung,log-sigma-3-0-mm-3D_firstorder_90Percentile_left_lung,log-sigma-3-0-mm-3D_firstorder_Energy_left_lung,log-sigma-3-0-mm-3D_firstorder_Entropy_left_lung,log-sigma-3-0-mm-3D_firstorder_InterquartileRange_left_lung,log-sigma-3-0-mm-3D_firstorder_Kurtosis_left_lung,log-sigma-3-0-mm-3D_firstorder_Maximum_left_lung,log-sigma-3-0-mm-3D_firstorder_MeanAbsoluteDeviation_left_lung,log-sigma-3-0-mm-3D_firstorder_Mean_left_lung,log-sigma-3-0-mm-3D_firstorder_Median_left_lung,log-sigma-3-0-mm-3D_firstorder_Minimum_left_lung,log-sigma-3-0-mm-3D_firstorder_Range_left_lung,log-sigma-3-0-mm-3D_firstorder_RobustMeanAbsoluteDeviation_left_lung,log-sigma-3-0-mm-3D_firstorder_RootMeanSquared_left_lung,log-sigma-3-0-mm-3D_firstorder_Skewness_left_lung,log-sigma-3-0-mm-3D_firstorder_TotalEnergy_left_lung,log-sigma-3-0-mm-3D_firstorder_Uniformity_left_lung,log-sigma-3-0-mm-3D_firstorder_Variance_left_lung,log-sigma-3-0-mm-3D_glcm_Autocorrelation_left_lung,log-sigma-3-0-mm-3D_glcm_ClusterProminence_left_lung,log-sigma-3-0-mm-3D_glcm_ClusterShade_left_lung,log-sigma-3-0-mm-3D_glcm_ClusterTendency_left_lung,log-sigma-3-0-mm-3D_glcm_Contrast_left_lung,log-sigma-3-0-mm-3D_glcm_Correlation_left_lung,log-sigma-3-0-mm-3D_glcm_DifferenceAverage_left_lung,log-sigma-3-0-mm-3D_glcm_DifferenceEntropy_left_lung,log-sigma-3-0-mm-3D_glcm_DifferenceVariance_left_lung,log-sigma-3-0-mm-3D_glcm_Id_left_lung,log-sigma-3-0-mm-3D_glcm_Idm_left_lung,log-sigma-3-0-mm-3D_glcm_Idmn_left_lung,log-sigma-3-0-mm-3D_glcm_Idn_left_lung,log-sigma-3-0-mm-3D_glcm_Imc1_left_lung,log-sigma-3-0-mm-3D_glcm_Imc2_left_lung,log-sigma-3-0-mm-3D_glcm_InverseVariance_left_lung,log-sigma-3-0-mm-3D_glcm_JointAverage_left_lung,log-sigma-3-0-mm-3D_glcm_JointEnergy_left_lung,log-sigma-3-0-mm-3D_glcm_JointEntropy_left_lung,log-sigma-3-0-mm-3D_glcm_MCC_left_lung,log-sigma-3-0-mm-3D_glcm_MaximumProbability_left_lung,log-sigma-3-0-mm-3D_glcm_SumAverage_left_lung,log-sigma-3-0-mm-3D_glcm_SumEntropy_left_lung,log-sigma-3-0-mm-3D_glcm_SumSquares_left_lung,log-sigma-3-0-mm-3D_glrlm_GrayLevelNonUniformity_left_lung,log-sigma-3-0-mm-3D_glrlm_GrayLevelNonUniformityNormalized_left_lung,log-sigma-3-0-mm-3D_glrlm_GrayLevelVariance_left_lung,log-sigma-3-0-mm-3D_glrlm_HighGrayLevelRunEmphasis_left_lung,log-sigma-3-0-mm-3D_glrlm_LongRunEmphasis_left_lung,log-sigma-3-0-mm-3D_glrlm_LongRunHighGrayLevelEmphasis_left_lung,log-sigma-3-0-mm-3D_glrlm_LongRunLowGrayLevelEmphasis_left_lung,log-sigma-3-0-mm-3D_glrlm_LowGrayLevelRunEmphasis_left_lung,log-sigma-3-0-mm-3D_glrlm_RunEntropy_left_lung,log-sigma-3-0-mm-3D_glrlm_RunLengthNonUniformity_left_lung,log-sigma-3-0-mm-3D_glrlm_RunLengthNonUniformityNormalized_left_lung,log-sigma-3-0-mm-3D_glrlm_RunPercentage_left_lung,log-sigma-3-0-mm-3D_glrlm_RunVariance_left_lung,log-sigma-3-0-mm-3D_glrlm_ShortRunEmphasis_left_lung,log-sigma-3-0-mm-3D_glrlm_ShortRunHighGrayLevelEmphasis_left_lung,log-sigma-3-0-mm-3D_glrlm_ShortRunLowGrayLevelEmphasis_left_lung,log-sigma-3-0-mm-3D_glszm_GrayLevelNonUniformity_left_lung,log-sigma-3-0-mm-3D_glszm_GrayLevelNonUniformityNormalized_left_lung,log-sigma-3-0-mm-3D_glszm_GrayLevelVariance_left_lung,log-sigma-3-0-mm-3D_glszm_HighGrayLevelZoneEmphasis_left_lung,log-sigma-3-0-mm-3D_glszm_LargeAreaEmphasis_left_lung,log-sigma-3-0-mm-3D_glszm_LargeAreaHighGrayLevelEmphasis_left_lung,log-sigma-3-0-mm-3D_glszm_LargeAreaLowGrayLevelEmphasis_left_lung,log-sigma-3-0-mm-3D_glszm_LowGrayLevelZoneEmphasis_left_lung,log-sigma-3-0-mm-3D_glszm_SizeZoneNonUniformity_left_lung,log-sigma-3-0-mm-3D_glszm_SizeZoneNonUniformityNormalized_left_lung,log-sigma-3-0-mm-3D_glszm_SmallAreaEmphasis_left_lung,log-sigma-3-0-mm-3D_glszm_SmallAreaHighGrayLevelEmphasis_left_lung,log-sigma-3-0-mm-3D_glszm_SmallAreaLowGrayLevelEmphasis_left_lung,log-sigma-3-0-mm-3D_glszm_ZoneEntropy_left_lung,log-sigma-3-0-mm-3D_glszm_ZonePercentage_left_lung,log-sigma-3-0-mm-3D_glszm_ZoneVariance_left_lung,log-sigma-3-0-mm-3D_gldm_DependenceEntropy_left_lung,log-sigma-3-0-mm-3D_gldm_DependenceNonUniformity_left_lung,log-sigma-3-0-mm-3D_gldm_DependenceNonUniformityNormalized_left_lung,log-sigma-3-0-mm-3D_gldm_DependenceVariance_left_lung,log-sigma-3-0-mm-3D_gldm_GrayLevelNonUniformity_left_lung,log-sigma-3-0-mm-3D_gldm_GrayLevelVariance_left_lung,log-sigma-3-0-mm-3D_gldm_HighGrayLevelEmphasis_left_lung,log-sigma-3-0-mm-3D_gldm_LargeDependenceEmphasis_left_lung,log-sigma-3-0-mm-3D_gldm_LargeDependenceHighGrayLevelEmphasis_left_lung,log-sigma-3-0-mm-3D_gldm_LargeDependenceLowGrayLevelEmphasis_left_lung,log-sigma-3-0-mm-3D_gldm_LowGrayLevelEmphasis_left_lung,log-sigma-3-0-mm-3D_gldm_SmallDependenceEmphasis_left_lung,log-sigma-3-0-mm-3D_gldm_SmallDependenceHighGrayLevelEmphasis_left_lung,log-sigma-3-0-mm-3D_gldm_SmallDependenceLowGrayLevelEmphasis_left_lung,log-sigma-3-0-mm-3D_ngtdm_Busyness_left_lung,log-sigma-3-0-mm-3D_ngtdm_Coarseness_left_lung,log-sigma-3-0-mm-3D_ngtdm_Complexity_left_lung,log-sigma-3-0-mm-3D_ngtdm_Contrast_left_lung,log-sigma-3-0-mm-3D_ngtdm_Strength_left_lung,log-sigma-4-0-mm-3D_firstorder_10Percentile_left_lung,log-sigma-4-0-mm-3D_firstorder_90Percentile_left_lung,log-sigma-4-0-mm-3D_firstorder_Energy_left_lung,log-sigma-4-0-mm-3D_firstorder_Entropy_left_lung,log-sigma-4-0-mm-3D_firstorder_InterquartileRange_left_lung,log-sigma-4-0-mm-3D_firstorder_Kurtosis_left_lung,log-sigma-4-0-mm-3D_firstorder_Maximum_left_lung,log-sigma-4-0-mm-3D_firstorder_MeanAbsoluteDeviation_left_lung,log-sigma-4-0-mm-3D_firstorder_Mean_left_lung,log-sigma-4-0-mm-3D_firstorder_Median_left_lung,log-sigma-4-0-mm-3D_firstorder_Minimum_left_lung,log-sigma-4-0-mm-3D_firstorder_Range_left_lung,log-sigma-4-0-mm-3D_firstorder_RobustMeanAbsoluteDeviation_left_lung,log-sigma-4-0-mm-3D_firstorder_RootMeanSquared_left_lung,log-sigma-4-0-mm-3D_firstorder_Skewness_left_lung,log-sigma-4-0-mm-3D_firstorder_TotalEnergy_left_lung,log-sigma-4-0-mm-3D_firstorder_Uniformity_left_lung,log-sigma-4-0-mm-3D_firstorder_Variance_left_lung,log-sigma-4-0-mm-3D_glcm_Autocorrelation_left_lung,log-sigma-4-0-mm-3D_glcm_ClusterProminence_left_lung,log-sigma-4-0-mm-3D_glcm_ClusterShade_left_lung,log-sigma-4-0-mm-3D_glcm_ClusterTendency_left_lung,log-sigma-4-0-mm-3D_glcm_Contrast_left_lung,log-sigma-4-0-mm-3D_glcm_Correlation_left_lung,log-sigma-4-0-mm-3D_glcm_DifferenceAverage_left_lung,log-sigma-4-0-mm-3D_glcm_DifferenceEntropy_left_lung,log-sigma-4-0-mm-3D_glcm_DifferenceVariance_left_lung,log-sigma-4-0-mm-3D_glcm_Id_left_lung,log-sigma-4-0-mm-3D_glcm_Idm_left_lung,log-sigma-4-0-mm-3D_glcm_Idmn_left_lung,log-sigma-4-0-mm-3D_glcm_Idn_left_lung,log-sigma-4-0-mm-3D_glcm_Imc1_left_lung,log-sigma-4-0-mm-3D_glcm_Imc2_left_lung,log-sigma-4-0-mm-3D_glcm_InverseVariance_left_lung,log-sigma-4-0-mm-3D_glcm_JointAverage_left_lung,log-sigma-4-0-mm-3D_glcm_JointEnergy_left_lung,log-sigma-4-0-mm-3D_glcm_JointEntropy_left_lung,log-sigma-4-0-mm-3D_glcm_MCC_left_lung,log-sigma-4-0-mm-3D_glcm_MaximumProbability_left_lung,log-sigma-4-0-mm-3D_glcm_SumAverage_left_lung,log-sigma-4-0-mm-3D_glcm_SumEntropy_left_lung,log-sigma-4-0-mm-3D_glcm_SumSquares_left_lung,log-sigma-4-0-mm-3D_glrlm_GrayLevelNonUniformity_left_lung,log-sigma-4-0-mm-3D_glrlm_GrayLevelNonUniformityNormalized_left_lung,log-sigma-4-0-mm-3D_glrlm_GrayLevelVariance_left_lung,log-sigma-4-0-mm-3D_glrlm_HighGrayLevelRunEmphasis_left_lung,log-sigma-4-0-mm-3D_glrlm_LongRunEmphasis_left_lung,log-sigma-4-0-mm-3D_glrlm_LongRunHighGrayLevelEmphasis_left_lung,log-sigma-4-0-mm-3D_glrlm_LongRunLowGrayLevelEmphasis_left_lung,log-sigma-4-0-mm-3D_glrlm_LowGrayLevelRunEmphasis_left_lung,log-sigma-4-0-mm-3D_glrlm_RunEntropy_left_lung,log-sigma-4-0-mm-3D_glrlm_RunLengthNonUniformity_left_lung,log-sigma-4-0-mm-3D_glrlm_RunLengthNonUniformityNormalized_left_lung,log-sigma-4-0-mm-3D_glrlm_RunPercentage_left_lung,log-sigma-4-0-mm-3D_glrlm_RunVariance_left_lung,log-sigma-4-0-mm-3D_glrlm_ShortRunEmphasis_left_lung,log-sigma-4-0-mm-3D_glrlm_ShortRunHighGrayLevelEmphasis_left_lung,log-sigma-4-0-mm-3D_glrlm_ShortRunLowGrayLevelEmphasis_left_lung,log-sigma-4-0-mm-3D_glszm_GrayLevelNonUniformity_left_lung,log-sigma-4-0-mm-3D_glszm_GrayLevelNonUniformityNormalized_left_lung,log-sigma-4-0-mm-3D_glszm_GrayLevelVariance_left_lung,log-sigma-4-0-mm-3D_glszm_HighGrayLevelZoneEmphasis_left_lung,log-sigma-4-0-mm-3D_glszm_LargeAreaEmphasis_left_lung,log-sigma-4-0-mm-3D_glszm_LargeAreaHighGrayLevelEmphasis_left_lung,log-sigma-4-0-mm-3D_glszm_LargeAreaLowGrayLevelEmphasis_left_lung,log-sigma-4-0-mm-3D_glszm_LowGrayLevelZoneEmphasis_left_lung,log-sigma-4-0-mm-3D_glszm_SizeZoneNonUniformity_left_lung,log-sigma-4-0-mm-3D_glszm_SizeZoneNonUniformityNormalized_left_lung,log-sigma-4-0-mm-3D_glszm_SmallAreaEmphasis_left_lung,log-sigma-4-0-mm-3D_glszm_SmallAreaHighGrayLevelEmphasis_left_lung,log-sigma-4-0-mm-3D_glszm_SmallAreaLowGrayLevelEmphasis_left_lung,log-sigma-4-0-mm-3D_glszm_ZoneEntropy_left_lung,log-sigma-4-0-mm-3D_glszm_ZonePercentage_left_lung,log-sigma-4-0-mm-3D_glszm_ZoneVariance_left_lung,log-sigma-4-0-mm-3D_gldm_DependenceEntropy_left_lung,log-sigma-4-0-mm-3D_gldm_DependenceNonUniformity_left_lung,log-sigma-4-0-mm-3D_gldm_DependenceNonUniformityNormalized_left_lung,log-sigma-4-0-mm-3D_gldm_DependenceVariance_left_lung,log-sigma-4-0-mm-3D_gldm_GrayLevelNonUniformity_left_lung,log-sigma-4-0-mm-3D_gldm_GrayLevelVariance_left_lung,log-sigma-4-0-mm-3D_gldm_HighGrayLevelEmphasis_left_lung,log-sigma-4-0-mm-3D_gldm_LargeDependenceEmphasis_left_lung,log-sigma-4-0-mm-3D_gldm_LargeDependenceHighGrayLevelEmphasis_left_lung,log-sigma-4-0-mm-3D_gldm_LargeDependenceLowGrayLevelEmphasis_left_lung,log-sigma-4-0-mm-3D_gldm_LowGrayLevelEmphasis_left_lung,log-sigma-4-0-mm-3D_gldm_SmallDependenceEmphasis_left_lung,log-sigma-4-0-mm-3D_gldm_SmallDependenceHighGrayLevelEmphasis_left_lung,log-sigma-4-0-mm-3D_gldm_SmallDependenceLowGrayLevelEmphasis_left_lung,log-sigma-4-0-mm-3D_ngtdm_Busyness_left_lung,log-sigma-4-0-mm-3D_ngtdm_Coarseness_left_lung,log-sigma-4-0-mm-3D_ngtdm_Complexity_left_lung,log-sigma-4-0-mm-3D_ngtdm_Contrast_left_lung,log-sigma-4-0-mm-3D_ngtdm_Strength_left_lung,log-sigma-5-0-mm-3D_firstorder_10Percentile_left_lung,log-sigma-5-0-mm-3D_firstorder_90Percentile_left_lung,log-sigma-5-0-mm-3D_firstorder_Energy_left_lung,log-sigma-5-0-mm-3D_firstorder_Entropy_left_lung,log-sigma-5-0-mm-3D_firstorder_InterquartileRange_left_lung,log-sigma-5-0-mm-3D_firstorder_Kurtosis_left_lung,log-sigma-5-0-mm-3D_firstorder_Maximum_left_lung,log-sigma-5-0-mm-3D_firstorder_MeanAbsoluteDeviation_left_lung,log-sigma-5-0-mm-3D_firstorder_Mean_left_lung,log-sigma-5-0-mm-3D_firstorder_Median_left_lung,log-sigma-5-0-mm-3D_firstorder_Minimum_left_lung,log-sigma-5-0-mm-3D_firstorder_Range_left_lung,log-sigma-5-0-mm-3D_firstorder_RobustMeanAbsoluteDeviation_left_lung,log-sigma-5-0-mm-3D_firstorder_RootMeanSquared_left_lung,log-sigma-5-0-mm-3D_firstorder_Skewness_left_lung,log-sigma-5-0-mm-3D_firstorder_TotalEnergy_left_lung,log-sigma-5-0-mm-3D_firstorder_Uniformity_left_lung,log-sigma-5-0-mm-3D_firstorder_Variance_left_lung,log-sigma-5-0-mm-3D_glcm_Autocorrelation_left_lung,log-sigma-5-0-mm-3D_glcm_ClusterProminence_left_lung,log-sigma-5-0-mm-3D_glcm_ClusterShade_left_lung,log-sigma-5-0-mm-3D_glcm_ClusterTendency_left_lung,log-sigma-5-0-mm-3D_glcm_Contrast_left_lung,log-sigma-5-0-mm-3D_glcm_Correlation_left_lung,log-sigma-5-0-mm-3D_glcm_DifferenceAverage_left_lung,log-sigma-5-0-mm-3D_glcm_DifferenceEntropy_left_lung,log-sigma-5-0-mm-3D_glcm_DifferenceVariance_left_lung,log-sigma-5-0-mm-3D_glcm_Id_left_lung,log-sigma-5-0-mm-3D_glcm_Idm_left_lung,log-sigma-5-0-mm-3D_glcm_Idmn_left_lung,log-sigma-5-0-mm-3D_glcm_Idn_left_lung,log-sigma-5-0-mm-3D_glcm_Imc1_left_lung,log-sigma-5-0-mm-3D_glcm_Imc2_left_lung,log-sigma-5-0-mm-3D_glcm_InverseVariance_left_lung,log-sigma-5-0-mm-3D_glcm_JointAverage_left_lung,log-sigma-5-0-mm-3D_glcm_JointEnergy_left_lung,log-sigma-5-0-mm-3D_glcm_JointEntropy_left_lung,log-sigma-5-0-mm-3D_glcm_MCC_left_lung,log-sigma-5-0-mm-3D_glcm_MaximumProbability_left_lung,log-sigma-5-0-mm-3D_glcm_SumAverage_left_lung,log-sigma-5-0-mm-3D_glcm_SumEntropy_left_lung,log-sigma-5-0-mm-3D_glcm_SumSquares_left_lung,log-sigma-5-0-mm-3D_glrlm_GrayLevelNonUniformity_left_lung,log-sigma-5-0-mm-3D_glrlm_GrayLevelNonUniformityNormalized_left_lung,log-sigma-5-0-mm-3D_glrlm_GrayLevelVariance_left_lung,log-sigma-5-0-mm-3D_glrlm_HighGrayLevelRunEmphasis_left_lung,log-sigma-5-0-mm-3D_glrlm_LongRunEmphasis_left_lung,log-sigma-5-0-mm-3D_glrlm_LongRunHighGrayLevelEmphasis_left_lung,log-sigma-5-0-mm-3D_glrlm_LongRunLowGrayLevelEmphasis_left_lung,log-sigma-5-0-mm-3D_glrlm_LowGrayLevelRunEmphasis_left_lung,log-sigma-5-0-mm-3D_glrlm_RunEntropy_left_lung,log-sigma-5-0-mm-3D_glrlm_RunLengthNonUniformity_left_lung,log-sigma-5-0-mm-3D_glrlm_RunLengthNonUniformityNormalized_left_lung,log-sigma-5-0-mm-3D_glrlm_RunPercentage_left_lung,log-sigma-5-0-mm-3D_glrlm_RunVariance_left_lung,log-sigma-5-0-mm-3D_glrlm_ShortRunEmphasis_left_lung,log-sigma-5-0-mm-3D_glrlm_ShortRunHighGrayLevelEmphasis_left_lung,log-sigma-5-0-mm-3D_glrlm_ShortRunLowGrayLevelEmphasis_left_lung,log-sigma-5-0-mm-3D_glszm_GrayLevelNonUniformity_left_lung,log-sigma-5-0-mm-3D_glszm_GrayLevelNonUniformityNormalized_left_lung,log-sigma-5-0-mm-3D_glszm_GrayLevelVariance_left_lung,log-sigma-5-0-mm-3D_glszm_HighGrayLevelZoneEmphasis_left_lung,log-sigma-5-0-mm-3D_glszm_LargeAreaEmphasis_left_lung,log-sigma-5-0-mm-3D_glszm_LargeAreaHighGrayLevelEmphasis_left_lung,log-sigma-5-0-mm-3D_glszm_LargeAreaLowGrayLevelEmphasis_left_lung,log-sigma-5-0-mm-3D_glszm_LowGrayLevelZoneEmphasis_left_lung,log-sigma-5-0-mm-3D_glszm_SizeZoneNonUniformity_left_lung,log-sigma-5-0-mm-3D_glszm_SizeZoneNonUniformityNormalized_left_lung,log-sigma-5-0-mm-3D_glszm_SmallAreaEmphasis_left_lung,log-sigma-5-0-mm-3D_glszm_SmallAreaHighGrayLevelEmphasis_left_lung,log-sigma-5-0-mm-3D_glszm_SmallAreaLowGrayLevelEmphasis_left_lung,log-sigma-5-0-mm-3D_glszm_ZoneEntropy_left_lung,log-sigma-5-0-mm-3D_glszm_ZonePercentage_left_lung,log-sigma-5-0-mm-3D_glszm_ZoneVariance_left_lung,log-sigma-5-0-mm-3D_gldm_DependenceEntropy_left_lung,log-sigma-5-0-mm-3D_gldm_DependenceNonUniformity_left_lung,log-sigma-5-0-mm-3D_gldm_DependenceNonUniformityNormalized_left_lung,log-sigma-5-0-mm-3D_gldm_DependenceVariance_left_lung,log-sigma-5-0-mm-3D_gldm_GrayLevelNonUniformity_left_lung,log-sigma-5-0-mm-3D_gldm_GrayLevelVariance_left_lung,log-sigma-5-0-mm-3D_gldm_HighGrayLevelEmphasis_left_lung,log-sigma-5-0-mm-3D_gldm_LargeDependenceEmphasis_left_lung,log-sigma-5-0-mm-3D_gldm_LargeDependenceHighGrayLevelEmphasis_left_lung,log-sigma-5-0-mm-3D_gldm_LargeDependenceLowGrayLevelEmphasis_left_lung,log-sigma-5-0-mm-3D_gldm_LowGrayLevelEmphasis_left_lung,log-sigma-5-0-mm-3D_gldm_SmallDependenceEmphasis_left_lung,log-sigma-5-0-mm-3D_gldm_SmallDependenceHighGrayLevelEmphasis_left_lung,log-sigma-5-0-mm-3D_gldm_SmallDependenceLowGrayLevelEmphasis_left_lung,log-sigma-5-0-mm-3D_ngtdm_Busyness_left_lung,log-sigma-5-0-mm-3D_ngtdm_Coarseness_left_lung,log-sigma-5-0-mm-3D_ngtdm_Complexity_left_lung,log-sigma-5-0-mm-3D_ngtdm_Contrast_left_lung,log-sigma-5-0-mm-3D_ngtdm_Strength_left_lung
853201,1972-10-02,1.2.840.113704.1.111.11792.1366811460.12,/scratch/bds/OSIC/PATIENTS_DICOM_STRUCTURE_MAIN/853201/baseline_1972-10-02/853201_baseline_1972-10-02_NIfTY/853201_baseline_1972-10-02.nii.gz,/scratch/bds/OSIC/PATIENTS_DICOM_STRUCTURE_MAIN/853201/baseline_1972-10-02/853201_baseline_1972-10-02_Mask/853201_baseline_1972-10-02_mask.nii.gz,0.5907505934765475,0.5046353035949726,139.4455520739359,276.3293631669037,334.0538878684096,209.0598000573042,317.15768948584554,335.4757815401881,3987029.7083333335,163.2417352858448,0.5683072530040022,213960.649157464,0.053664172280999706,3988068.0,-82.90119006712072,2.3488252350944836,3633701951881.852,2.3178092569254343,31.81194621500582,9.78128483195113,221.83877888083217,30.341709040441696,-46.62514096569256,-59.863804311916084,-130.14505552961174,351.98383441044393,14.522408125231635,954.538332817823,2.505331177287871,3633701951881.852,0.27888028402047754,2219.8069799436,22.943631376358947,1285.7063692858392,93.6683120496603,10.67192164858863,3.215030721222878,0.5363769850084287,1.1395009127491504,2.0108328454592566,1.9010942697689734,0.6178880025470785,0.5862380295854435,0.987113853444944,0.9352139710014661,-0.07533885246492399,0.5261914727590544,0.4629043572957477,4.591226902570302,0.09627809596344068,4.392986363612538,0.605381668120843,0.22645857103788247,9.182453805140605,2.9970112190383964,3.4717380924528767,584979.4784456962,0.22084077754556197,4.502898635188419,28.091755584956733,3.4024110694345904,72.19478584502573,0.21707821531216087,0.06026669114466051,3.830144413496785,1437595.1509631055,0.5409922382458753,0.6641567758161055,1.1200796239967126,0.7630555948718278,23.25929149244501,0.044725082271858126,24152.236884665665,0.12479647855748459,6.452114295481174,64.86884924018126,22000080.628016926,350977516.00268173,1488497.3943843222,0.029044119219902145,68320.28194158102,0.35301618815179336,0.6159996052870369,40.22630212998902,0.019245926983372325,5.573008745475198,0.04852800905099913,21999655.993735988,5.951809412460266,211488.55789068792,0.053030328943911666,27.682446276465953,1112193.5365329778,3.6445926940483013,25.09588678026553,122.39278768566635,2184.7556217697393,7.9823360910525585,0.062033975206923206,0.05886617257581854,3.064572783189132,0.0023674671375085955,6752.366794300224,1.6324274910142142e-06,98.62670880444145,0.0290444231964907,0.0003025797833693854,-25.338522398150694,27.772085929291528,3997959034451.278,2.0736403652603834,23.669950564310888,9.791093823005767,280.6869634071612,18.309600202825006,0.8492715773550837,1.258161420383702,-295.94981174267525,576.6367751498365,10.16435119491015,1001.2393105151807,-0.47003982489625296,3997959034451.278,0.318084790810958,780.8925039919036,157.2696046691446,92.71531531660308,-2.476456369754965,2.9966113911061134,2.1705857859099913,0.1572229832015357,0.962200695444782,1.7965045083080802,1.210999099435409,0.6423631557848399,0.6168605276157749,0.9963516787393017,0.9632023611971126,-0.0638861277861935,0.44195471598846037,0.4830271788725454,12.53248168033764,0.12046627544604935,3.9688017248291327,0.439808672928085,0.19564771194433014,25.064963360675286,2.605538460607998,1.2917992942540264,684795.1874219249,0.2666475374813135,1.798376205528802,158.4472148727771,3.67787957878092,583.4030749534705,0.023765998963639866,0.006678539328911034,3.7036224462449563,1285338.0920604763,0.4942269757559978,0.6420443722084517,1.1423607741970114,0.7255409925875091,114.99953880412342,0.004912032355265218,24085.5850516552,0.14525927140934677,8.072704698626247,156.91061509791268,29367163.24323477,4643678001.208677,186934.18106594568,0.00836081045430555,42978.8427124859,0.2592038086284137,0.5177595599757956,81.17683407740006,0.004496868854522509,5.969226290097264,0.041576773515396424,29366584.749802697,5.647166499201743,256766.68853239212,0.06438372879609679,20.18954410776015,1268543.7755198758,1.3387279527433509,158.45914212094678,126.42062522504631,20060.803324316435,0.8047206124259616,0.006578338454762649,0.04478745296965989,7.073386885760215,0.0003514607106969511,1296.0413336344395,1.4807995709636959e-06,211.5964960688511,0.003715200303734947,0.0007740057013815197,-45.677272244852325,49.214018637454245,4006493888851.956,2.819024325541251,42.32732357679859,8.060401688047293,359.79883532422656,32.2473023965603,1.1557941032374146,2.4618035662132276,-442.54959039436693,802.3484257185935,18.177442602312187,1002.3074650185738,-0.6221223781827123,4006493888851.956,0.19638282901787846,2307.330365475828,344.224092624185,585.556150688947,-14.144471257443382,7.796001402196245,6.912593330407156,0.05773459154729522,1.7325514677084672,2.440869145810842,3.7256634847837935,0.5215881194119685,0.46782311513474906,0.9939757999346337,0.952836591628852,-0.07380549522761784,0.5374434532163425,0.424094736676215,18.54732429713463,0.0500258600946312,5.388141444533057,0.4480535908442919,0.10920761702605751,37.09464859426925,3.270727283940282,3.6771486831508517,519735.9149476472,0.16945909313644275,4.533798933729988,347.8225779145135,2.245287562034531,780.4840750822558,0.006714405734173605,0.0030755813236828388,3.926424328463269,2001714.7242014473,0.6463823511197901,0.7686329281786031,0.5105688438395349,0.828841168295961,288.3320625876611,0.0025727177909814886,31674.54584052343,0.08830101625130936,15.981263798695098,341.1523092405864,7602058.082049338,2646378078.859845,21938.55377451384,0.003740872662232919,109147.9075997112,0.30427811692340406,0.5652743610564578,190.8288426560372,0.002206143743015087,6.276320457204423,0.08994605909427823,7601934.477140044,6.106211545549583,291852.38972956326,0.0731813975412564,15.721691915900776,783188.0761556723,3.774914512101418,347.743975779751,64.9395476707017,22536.434372733864,0.1890467871858447,0.003040782400489485,0.09474485148171492,32.47912982311237,0.0003370384596101189,603.7709126246259,1.6050147970463965e-06,699.4523636265146,0.009689592026442177,0.0011824212320119742,-20.940420859681982,21.08348577641898,3989629681106.224,1.6912674605307367,20.559345170222716,5.730455991757699,168.03764251395637,13.632667169601225,0.02294874069376271,-0.12339015466069322,-160.41844444126232,328.45608695521867,8.654466179022153,1000.1957750284229,0.10146520069907053,3989629681106.224,0.3757029833517022,345.6903766754407,56.228129057473616,8.26140428933274,0.10675124178150047,1.2390310016476334,1.2932503631661818,-0.02162694146080126,0.7959559511515675,1.5640090918675758,0.6477806277095322,0.6673254290998263,0.6489257066851758,0.9936040676752312,0.9488838696265754,-0.030909641452576648,0.2710498356233549,0.5072021317884817,7.499445422619077,0.1524870722115309,3.3075022038577626,0.24004567287428533,0.20855172082084145,14.998890845238153,2.1440724317908715,0.6330703412034538,816159.5016013652,0.3295219666188587,0.835640950920723,57.183726950713854,3.8682615444592328,218.86154419310282,0.0706923607110352,0.0186325474612846,3.350441374163956,1155913.4245937525,0.46207257561272613,0.6203106366290645,1.1734004758728687,0.6998124896073263,40.21171639953949,0.013176168516086348,39776.359134323415,0.2745014570634587,3.8360115582925243,61.81057803787335,40427528.315864295,2278369823.2043076,730336.9528930183,0.02166719722950305,52641.40074808149,0.36328466259096703,0.622105449393091,38.46579361287155,0.013713111482034244,4.416030370989248,0.03633438547186257,40426770.84774042,5.020282335510817,344469.65040014364,0.08637506943215202,15.73564575998726,1498329.0454094564,0.6438296898089408,56.89867800649337,133.93436521142567,7545.7289552234315,2.4268127523349396,0.01844891170273426,0.041486087271059,2.5049973124857416,0.0008691525301763877,4725.860852759685,1.2365286107550227e-06,64.40225906732694,0.004863194354875148,0.0001725565989529162,-23.88996084338792,25.665236462005645,3994988221849.2803,2.0051485896339147,21.299103072530574,9.978711748424594,256.43157911933565,17.20920052233902,0.5091896807441498,1.4830463139752879,-273.9128294980983,530.3444086174339,9.226131563234024,1000.8672397767633,-0.8691635203274471,3994988221849.2803,0.3330369632707264,716.5930227390509,132.9263890960145,79.86578647131772,-4.027262083432232,2.8376451667960754,2.035553189900098,0.16384330710462672,0.919851361219182,1.7628111386863696,1.1687224166320958,0.6541024448386548,0.6310197012310291,0.9959418351249093,0.9618360195654694,-0.057293363918837985,0.4217440342322074,0.4805000310490877,11.520671219303237,0.12919803823815348,3.8628333191728723,0.40082244447140375,0.2092791759501226,23.041342438606474,2.566405301417399,1.2182995891740431,694947.2182915106,0.27800477248849365,1.6940607366708376,133.5729258843051,3.831237380441649,516.2032571414769,0.029248938655774378,0.008005776164363324,3.7013120686182615,1202311.32647462,0.4769503544575965,0.6258026732203703,1.2059767120411438,0.7132755300280066,95.05482334614295,0.005826618026675699,22647.805433644127,0.14552993730775096,7.896730563254191,128.72856197348722,33087134.64424924,4454405475.186553,247623.88155290688,0.010816720411513946,43787.15308791117,0.28136684865290584,0.5435751185534946,69.8474615059865,0.006127688008135945,5.816233948831388,0.03902215308264553,33086477.928330958,5.580764535243516,258920.46409940853,0.06492378367154435,20.738381166538304,1328174.056037159,1.242033321647694,134.01676275329308,135.85262237253727,18367.735986196825,1.0161117899613261,0.00783129220058912,0.04295348610374708,5.60796324569852,0.0004281115012499084,1637.8888927515604,1.4753967611599796e-06,154.86065757375087,0.004315799021627613,0.000564773068675387,-18.433775899660333,18.372869848495387,3988848248281.995,1.5442813433131115,18.05364592272536,5.877573124705436,206.4736100242434,11.912190579499221,-0.033768260844195014,-0.12135012243993651,-159.82522582027158,366.298835844515,7.590021735544086,1000.0978180565974,0.09545186632546646,3988848248281.995,0.40557081799895833,263.18106295902965,56.219446268419084,5.211948758404996,0.07900644288102675,1.0136222589874353,1.0319740614790267,-0.00888865650603633,0.7085446246951508,1.4332631580282,0.5168475502331709,0.6898685500984956,0.6766854077252802,0.9960433625578611,0.959330094843525,-0.035076198908044545,0.2914363949463833,0.5081216792756253,7.498268728452899,0.1765991543935445,3.014534510494051,0.2543012640143546,0.2365400759458363,14.996537456905797,2.003893413350514,0.5113990801166156,855756.7891692133,0.3621089775598253,0.670920053854641,56.95399289896266,4.4246885220906185,250.05212019289092,0.0804786945038169,0.018460731074126727,3.311106440052378,1032682.7097135241,0.4304415470813115,0.5913129442048709,1.4109426022819624,0.6721763956391561,38.430430956250646,0.012517417586090783,33701.475696777125,0.3059598338336552,3.4782572616180345,60.843994552882435,57923055.43931003,3265212397.985338,1045955.1947530748,0.021300810928331134,37655.41056740808,0.3418557473209994,0.6032975864927306,36.89709502665287,0.013008664489994565,4.372760683594536,0.027619890132264544,57921744.57992832,4.801855552851174,395516.2979763635,0.09917491326034648,13.820820906064695,1617444.0009954695,0.5188693499093178,56.738133101040404,148.98152187976734,8396.679084960437,2.6954009215524937,0.01831610535972522,0.03184143902837072,1.9003693812403932,0.0006541331095710643,4453.883470397437,1.1884153571114003e-06,70.05135376774865,0.003100670463926531,0.0002458224903460991,-31.425040090308485,31.331709781910067,3990626777568.0776,2.165772070678315,31.05315096499721,4.995355057393008,236.39287786437612,20.087362028714665,-0.03962425942185457,-0.23915924886333584,-228.98342133930626,465.3762992036824,13.032536638902476,1000.3207527136518,0.12093769180939705,3990626777568.0776,0.2771554628524714,720.8552583692009,110.20077508011346,30.10104950972157,0.36506636896589967,2.385039852811042,2.5092252714128684,-0.02545315242480656,1.1312510241178217,1.9304814186590447,1.1791568369590604,0.5938071437394272,0.5566097421913726,0.9939136154341744,0.9488988737040464,-0.05202521906983916,0.3969236763456917,0.4810348663641256,10.499134267679896,0.08732071256782373,4.204078125699332,0.305209393960341,0.15351374134674944,20.99826853535979,2.5910286442898065,1.2235662810559778,680511.0655582232,0.24177501558839484,1.5252110328359376,111.8512003304607,2.8055141813047566,311.27111726018,0.0261340105439853,0.009475818500052895,3.4854132150294728,1600092.6906997175,0.5620654746303763,0.7056799085518256,0.7351772545110892,0.775100468675322,86.96782071121326,0.00739361322019671,28974.481619457954,0.16404333210357394,6.794514833399646,120.38391072712552,23804100.969217617,2623146332.241939,218906.50180140417,0.010758664607884704,60439.38665662667,0.34218656636089995,0.6019616028419849,73.11614801374228,0.006558596092202447,5.109113597043454,0.04428886368035851,23803591.156195372,5.475840661264156,280216.5332592122,0.07026373002145707,15.750944923858533,1105314.83242713,1.236660992702241,111.45534805324283,90.6136274506854,9999.258784203279,0.833575443125987,0.009404714727040566,0.05715702862400524,6.700911628592524,0.0005879087197768565,1980.2759674529884,1.453282942395922e-06,173.56105124487772,0.005889105695185967,0.00038229298146196834,-16.4013403509822,16.295370931593403,3988811763809.7754,1.3647789307257967,16.584930291008543,4.219099804898853,118.1379687408097,10.356159166211775,0.002106794554284253,0.07098521065507328,-121.42456287583218,239.56253161664188,6.921341829935369,1000.093244289657,-0.026186437774671525,3988811763809.7754,0.4387128671738038,182.2836802636419,30.25222897601029,1.9601119882060494,-0.012299184916905848,0.7538334374985461,0.7987326838858961,-0.028747704081045197,0.6368155327413934,1.299136069996627,0.3871716657351266,0.7061735561305945,0.6976317313227339,0.9922186691845127,0.9432985781705974,-0.018967784316719676,0.1789875940716904,0.5167860349071586,5.501222933272157,0.19926709024084469,2.69077275293585,0.15678774637220208,0.24111097553554084,11.002445866544313,1.823169220047035,0.3881415303461106,922495.0884984247,0.40316123197457954,0.48499994283643216,30.709423784639462,4.5642003704773835,139.79165809834987,0.15545484062355736,0.03485334059431919,3.1661765414236647,938387.3184969041,0.40674084004572986,0.5730534183469288,1.4416490632209975,0.6513779154146928,20.052297071962506,0.023016646781228042,45355.53883577212,0.42597759862287615,2.577573739066508,32.432978943216185,65228865.75006105,1993838694.5054662,2205692.828449635,0.043954319635178346,51111.65180231794,0.4800388057395978,0.7202999190451372,23.39577636576513,0.032004529618383355,3.267531963044604,0.026698140553270407,65227462.813704886,4.405482935532011,501256.2290693138,0.12568898751709193,10.898731012252318,1749616.7467640974,0.3916985143532373,30.655946438225225,157.32352056183595,4814.889425907482,5.318652712701056,0.03443633246820851,0.03159479022062855,1.012299927136699,0.0013212978670888843,10534.268774696888,1.1008991244655745e-06,27.980035713888284,0.005089705572458304,7.411624127942924e-05,-203.34822312438388,-6.032412668110342,3064046088277.7856,3.2073323237702396,61.68481530963396,11.310581522413202,585.0790651227285,72.47033249995894,-130.84890020795876,-170.26977185612705,-318.21049844998515,903.2895635727136,31.539204686213857,876.5291615372615,2.78127553477843,3064046088277.7856,0.17549141902189613,12879.736755499176,80.859467162472,59510.04876815129,1658.4647448761013,68.1629534352472,9.594670776861971,0.7525566470897334,1.7404738904607986,2.4878091771784745,6.48886410056915,0.5768841325835468,0.536919974424229,0.9934762988978777,0.9586395717876477,-0.15236538736710817,0.7699996708850848,0.4046375955278022,8.137376606562864,0.05334396906175566,5.826468804891468,0.767805323990438,0.15889735714629752,16.27475321312572,4.040356847293418,19.439406053027305,359321.86684878013,0.13138528258857549,25.481526183346777,106.18910918626511,3.2102776227296586,213.05482361987316,0.07833581756685051,0.02017501730987931,4.725982531610895,1561987.8045142884,0.5696273141523013,0.6845761869194268,1.0511044047117502,0.78257984990465,93.68746786850826,0.014742246120200708,20015.80303678197,0.05005239608394654,37.397153368569825,243.11703263590374,6166663.551219439,246320598.40380397,160538.92619336417,0.009926048207498536,145335.56200471622,0.36343248887767654,0.6247858230933667,162.08098443705038,0.00561006530156086,6.736942714972447,0.10027336544913477,6166564.095716621,6.9695640570775605,207272.51598718978,0.051973164947836846,33.045757338592765,699871.7124758153,20.692096218642,89.01827150389612,117.70451055498552,5364.983747518849,3.140295549039271,0.02194252882548009,0.09712419067390325,21.314846784200288,0.001104347953510286,1122.1289805721442,2.1690170065239834e-06,810.6534301050796,0.03354236650482913,0.0042952866377827465,-15.611059188842773,24.49821205139164,4011114653836.0835,1.7627518256449004,13.059573292732239,8.983293568437423,137.70816040039062,12.984988692318048,2.660437043730313,3.1163002252578735,-156.85635375976562,294.56451416015625,6.142545480505825,1002.8852885168167,-1.1355407563450497,4011114653836.0835,0.3907603846322588,450.94991073515115,58.770130232210185,46.739707825211354,-4.264568427368018,2.4192985937363565,0.8912845841722737,0.46066977734689224,0.5735500755849825,1.3841826581795933,0.5534440480373813,0.7539361813556954,0.7432541261289806,0.9949007077604397,0.9604436308491928,-0.1304463197398875,0.5809925718371548,0.39900400908774764,7.641211486206337,0.1941895472330615,3.252764440941639,0.5074493048477172,0.3683207899892325,15.282422972412673,2.441871648010121,0.8276457944771572,555998.5287515367,0.2957346894239324,1.2656183688661164,57.64665512234932,8.544676958408552,523.8064086275213,0.1449280674385463,0.019633705963340502,4.08758191181886,652815.4829852612,0.3414594925222244,0.4704418086845367,3.7641021778122052,0.5933695882605925,33.380085373784325,0.012416915505966594,5793.904976231415,0.14650310954362838,4.681148323148779,49.69300596743198,154403311.52366745,9440118529.021418,2558616.2781559555,0.033300299210438485,7625.399211085263,0.19281377594531363,0.4413395962289476,22.0692287921741,0.014540054272830184,6.433830419899435,0.009916581161605069,154393142.57491586,5.845878355822325,184063.30286043268,0.046153501610412026,35.57033441220201,1558378.9856196032,0.8450909855058952,59.362100395479715,253.67930988137616,15604.722595753132,4.223640645079172,0.018261343374982475,0.016564968643774776,0.8726043500451481,0.0004307623081355619,3359.378637681391,1.8471101771330897e-06,36.00330604385247,0.004907853039489279,0.00021972797809386796,-12.484438514709472,31.10951652526858,4034997775366.7227,1.7413869058537483,14.019172847270966,8.31331912673942,127.12295532226562,13.384847951569,5.643329959092829,4.484085559844971,-147.7571563720703,274.88011169433594,6.7646405172969555,1005.866564924339,-0.83141416800861,4034997775366.7227,0.4061822726108983,449.03934147609914,46.69415848358824,63.11852446129195,-4.802687538307475,2.86155244406105,0.35935244480521816,0.7767364724666066,0.30561547523521804,0.9696476334611742,0.2625955899166076,0.855559466511682,0.8525543230550106,0.9975405881442947,0.9767810979742778,-0.36508191825060415,0.8405027170468516,0.2640761579502576,6.787385589655907,0.27045604536032336,2.8332573539949926,0.790590409315594,0.4830017904183509,13.574771179311815,2.4322747691522744,0.805226222216567,309740.42748609855,0.26419728706813367,1.4433965494649732,45.210876468988985,29.63234751347305,1430.4997893798864,0.6381272653913127,0.02729354986864491,4.996648774003284,255569.31728973798,0.21192558840456188,0.2935905498409448,16.804612653204533,0.44762706606128916,19.472050133463647,0.013775433739108427,2358.29715942029,0.27342575761394666,2.8894878353287123,38.9423768115942,740135052.3735652,35396913186.30666,15685523.12113678,0.04666757582185401,1323.400463768116,0.15343773492963664,0.3973356946570097,14.375060484773892,0.016128271387443792,6.439946333453813,0.002162701338091527,739921252.7667918,5.726893919268229,278314.93186324806,0.0697869073103187,41.985255446558966,1619882.5235667997,0.8095149067251197,46.92211893077049,417.0522212760665,19962.39451007355,9.110243261892988,0.02383399571761712,0.0063249976136480895,0.2680654121642982,0.00020185154390478096,2257.345168015015,3.4164018906663514e-06,15.576960820005473,0.0028410668437116146,0.00033282746082917647,-9.931018352508545,37.21947860717775,4058121822866.7617,1.7670742987895163,16.876196339726448,6.681127429530276,119.65791320800781,14.304614204985839,8.525202967505228,5.765858173370361,-132.3339385986328,251.99185180664062,8.058225208052828,1008.7446925070509,-0.3426822150747801,4058121822866.7617,0.39259533553907033,442.7696404963409,48.272214730125405,54.05491350387035,-2.774998988405035,2.9031542903849368,0.22101762377082987,0.8585073584011782,0.21179982148830961,0.7596458310209742,0.17436034979496493,0.8956294935288281,0.8950218694840971,0.9981920669176497,0.9824090275707437,-0.501177055865525,0.907984395924211,0.20379937439467652,6.899397010601242,0.28830694152016867,2.6464238405853706,0.868357080913422,0.4976884166599972,13.798794021202486,2.406849708590904,0.7810429785389417,229987.79393261985,0.26088291013107223,1.372989970617963,47.26165922540231,57.26216957909613,2810.977847418936,1.2051523001989384,0.024865132201108406,5.491375408426472,140652.91354453724,0.15325792880025377,0.22105210998253944,33.73260075447292,0.354167417855555,16.107996247114414,0.00965092649972557,2159.82525083612,0.4514684888871489,1.5939585057773402,38.558528428093645,1290107267.471572,62491178376.097824,27010384.010143925,0.033411351771013516,878.8632943143813,0.18370888259079876,0.4399957271186819,15.96045309898778,0.013406322088970942,5.616490896469349,0.001199578342194767,1289412334.7399127,5.349338602081002,532886.67799195,0.13362025872977842,34.55175622542377,1565696.8946126294,0.780821529466923,48.3790045706342,486.2266816914857,23715.547758463497,10.491051700219813,0.02254922839433978,0.004193328757540275,0.18810783922272903,0.00010877699691966432,1891.8326053769936,4.54528555363261e-06,10.23596834350817,0.0025294139860887344,0.0003588275559499276,-8.167678356170654,41.30570449829102,4080587341400.004,1.7968903908569478,21.263855695724487,5.381461289889931,116.36002349853516,15.439599419714881,11.311529071180878,7.156149625778198,-128.90037536621094,245.2603988647461,9.60110572535857,1011.5330138362244,0.02119197086995556,4080587341400.004,0.376347901546358,448.02924830498813,49.82212899943037,46.17104901290498,-1.0259715142885868,2.933972202983799,0.16600927129136123,0.8929144738243857,0.16467020009497207,0.6434033220625298,0.1377081277302254,0.9178880784852456,0.917798807072153,0.9986397951157875,0.9862860671151394,-0.5819861320178437,0.9346529006779262,0.16349851279813155,7.009289403695918,0.2914583751720584,2.549304082363155,0.8989614434024833,0.49375614655628525,14.01857880739184,2.3787665182873754,0.77499536856879,187332.03388955822,0.2630610112204374,1.2786568665880824,49.558894565243605,91.30429813475074,4556.07726710496,1.8877370864085532,0.022978048412848916,5.8277760806162355,88685.48359972371,0.11900157385968,0.17861949503059937,54.28136468946252,0.2819508270633417,13.471760223447026,0.006926839157043198,1811.7043988269795,0.5312916125592315,1.0692979936533054,38.44046920821114,1731733368.6175952,85181418985.3912,35746483.95570457,0.02987627335734666,707.6299120234604,0.20751610323268635,0.4659425307669285,17.134319486086994,0.013159739455955376,4.983374037600565,0.0008550506159874907,1730365588.294703,5.047767527948416,784067.3539884476,0.19660330615938534,29.017226794653155,1500901.0230241811,0.7735686375759797,49.862747074523305,528.8031843990624,26375.702642984023,11.192486205072573,0.021609341179297414,0.0034045302141863304,0.1589991779032897,8.096198332807387e-05,1534.3766717530355,5.557909985515797e-06,8.782366667078104,0.0021219743107721454,0.000430958300787206,-6.605043268203735,44.454566955566406,4102311309040.8174,1.833965000670757,25.92439866065979,4.436912822946214,115.12812805175781,16.59561943255932,13.9938965563089,8.816807746887207,-114.42010498046875,229.54823303222656,11.152646179579948,1014.2220068164523,0.22295720886490758,4102311309040.8174,0.3568789808652825,462.6568573440439,38.06306323678504,41.65370845543248,0.13376600119801269,3.018229434916405,0.13821827181709107,0.9124403282383694,0.138092609827368,0.5741328781696091,0.11825758623710085,0.9309746387512698,0.9309662612852883,0.9986315740387435,0.987447078364101,-0.6341616993587926,0.948865911167226,0.1379826555863604,6.110896821960917,0.284555634481302,2.5065030685594007,0.9157738895977446,0.47542132861103953,12.221793643921835,2.3676668241331393,0.7891119266833738,162426.8855629883,0.26593375138573666,1.2058941188625392,38.33093544611522,125.81499796166239,4727.242836492163,3.506310606996036,0.03074670132842292,6.055977964564382,63430.22542056488,0.09903774906982282,0.15312396108360468,74.60836058488167,0.23359351477017443,8.48381270982755,0.007765305476372649,1452.732868757259,0.5624207776838014,0.909848769966047,27.346883468834687,2163547079.817267,79971070126.1773,59967940.84221896,0.044485041690211016,571.7255129694154,0.2213416620090652,0.4831383734054967,12.61229254909928,0.019705260555983296,4.729817661722248,0.0006476820355119321,2161163244.2389736,4.839071440581836,992390.7893396,0.24883998701616925,25.60762752847905,1423257.6434614456,0.7878800820048238,38.06950784189237,555.471722648661,21059.339312669694,15.883545752977524,0.02903874052603085,0.00300837352171311,0.10678065405005296,9.734196155256621e-05,1739.4892404390157,6.454187296100293e-06,6.218450990804265,0.0023316000718737653,0.00035417489921758794,0.5155139334235442,0.4001643107524659,115.49043401315305,288.60753173111743,329.8514817307935,170.83617883809038,300.4663042672173,330.06817477606046,2943053.5,148.78120389836872,0.5141921436014608,193148.2565724536,0.06562852376705133,2943565.0,-82.15424633802422,30.79723803762344,2726078962500.666,2.5541373086638046,39.905598709565126,7.048861077099313,228.2032644196379,36.22386981020071,-39.078179214045406,-55.1713540147433,-136.2870720314893,364.4903364511272,18.93063707753726,962.3485592352639,2.0322964227093965,2726078962500.666,0.23480416689351158,2744.0037995946686,26.126480077206285,1394.3046876962455,104.09083475709501,13.168380316475524,3.854342450635559,0.5464862735785079,1.2913020981208847,2.1474404384812837,2.1663684593998123,0.5870616570082546,0.5483492942525939,0.9862839045162294,0.9311780483051011,-0.08097885616937142,0.5645969363479852,0.455684531313349,4.878307643115775,0.07238992389721309,4.8245980128260575,0.597310852599798,0.1834144108703845,9.75661528623155,3.252363752934345,4.255680691777773,395684.2018196213,0.19158806250144733,5.251632326185777,31.985955173966666,2.8936165904836195,70.37499530937089,0.17415633586749302,0.055500753516128445,3.9151193213269124,1195035.2270859103,0.5770027815060762,0.7015636847470016,0.8495351484202011,0.7874070618086233,27.10077366042875,0.04240617702868651,19195.845171124074,0.117505678657232,7.155627650186651,68.92883246307258,11687128.773079254,196866312.49966025,757723.5664400519,0.029591106423490422,56737.63650442884,0.3473144539053314,0.6110447861937246,42.19654317185845,0.019746768433685478,5.703330597056031,0.05549767034191533,11686804.096849427,6.1488293895546535,172329.2830329889,0.05854441231397605,23.89825290015239,691161.3275218995,4.481464897993378,28.826415248176957,100.62436365427637,1950.9847851160073,6.333308857032461,0.057519742312613094,0.06730910526500823,3.76916563982933,0.0026245838574839205,4546.631020139066,2.2493855841958635e-06,124.18453961192859,0.034845611576961644,0.0004479544837478128,-29.69735380069343,32.38166749453621,2952222464114.5903,2.240606750008682,26.89553546007888,8.39557574958443,254.1795734540836,20.795748581750797,0.9849784230172172,1.549236505297905,-338.2521407031358,592.4317141572194,11.64103612336236,1001.4694949381238,-0.46504370007129436,2952222464114.5903,0.2860208230774781,970.222263092709,211.67180073325122,125.16770402565622,-3.345323704684892,3.7262258316977728,2.634227008342963,0.16938774458897535,1.0701169286531156,1.9152594766126254,1.4473691835443117,0.6206147733425532,0.5897191884787634,0.9959278024155503,0.9608615994111981,-0.06220568486031491,0.4475149081768179,0.4750330085185738,14.53955984266197,0.0995018323225921,4.296987823821282,0.4089691564635579,0.17464803989608366,29.079119685323942,2.787685988824421,1.5901132100101845,471157.0027285811,0.23906535150576813,2.141131335736648,212.97663256550965,3.3021875130275493,704.2437059914622,0.01582949046155773,0.004920975190818632,3.761654262205663,1046291.3952511142,0.5254435111687152,0.668128952477693,0.9844861459016238,0.7494878945096196,159.6138056543784,0.0037253325457556634,17476.208460009355,0.12772018577532562,8.902398150694623,209.53693580449018,17146809.552918907,3650707557.421188,80949.7465807564,0.005844849109800219,35670.59848573433,0.2606890090456496,0.5196710687746251,108.76273191498498,0.0031127913029913574,6.083857169840008,0.046485129426392824,17146346.775764786,5.8285492970227875,181138.11131773886,0.061536983663598006,20.555519216276767,841920.8840820569,1.639711788321855,213.04776419070072,113.26636680351886,24169.017976501284,0.5353970006837249,0.004864221673427848,0.05119489063974948,10.815753714605444,0.00028358495512439735,742.2519488429684,2.160571964330579e-06,250.6297007860345,0.004523751181607111,0.0011495206022767142,-52.90715591906793,55.89366221267352,2959419332458.9497,2.9758527268799195,49.000720704567264,6.699229153861186,368.3872141131624,35.9235338262865,1.3565472626751693,2.8654036481573897,-479.3448646391371,847.7320787522995,21.005374951957837,1002.6894329676848,-0.4929990566303255,2959419332458.9497,0.17212396840924724,2671.1642392298754,422.72662218636805,646.0138719890294,-14.059532473440798,8.990983565513083,8.040222672571643,0.053629869265352036,1.9234871965764586,2.5602716084955066,4.112063378290352,0.49420143007367695,0.4337623851326435,0.9937347756124091,0.9506040494388219,-0.06753012253735396,0.5236075284853503,0.4046393105719644,20.55453551169869,0.038324587095129134,5.71228804128695,0.4273649030347866,0.08761539167444263,41.10907102339739,3.4292186527491406,4.257801559521179,356310.6617581629,0.15222281378140717,5.070978737322971,426.8335854548756,2.0206571896331194,862.4374010669198,0.0049083292975081235,0.002480305496329427,3.967385959291486,1603182.098125233,0.6793738105076711,0.7951245931640454,0.4092015808054603,0.8485125116930133,362.1519726203741,0.0021183439284390244,25660.886205997045,0.0858183436427627,16.60904914581691,420.41749215755783,4246797.093316701,1817856454.84176,9970.14971248916,0.0028748333197786274,93780.66616947702,0.3136330277829032,0.5748646270365314,240.1179194089082,0.001699575246153287,6.252273003525786,0.10158226504255893,4246700.184293672,6.193933599388071,240794.1571791348,0.08180358075297635,13.355917494314195,506658.08907056577,4.357522365103666,426.8400935600199,53.383816902293646,22757.32590447298,0.12654617094797863,0.0024600098920467602,0.1076806971013758,45.44347613577708,0.0002971959591607818,376.3774989019977,2.209605611302963e-06,879.7870453512439,0.010923005870400798,0.001799828289221583,-23.369355758837802,23.36323672219942,2944507762574.6606,1.7990465693432267,22.96698202440009,5.1172989447135375,187.4483632192739,15.02571234703202,-0.044368101489205315,-0.1433806982538273,-170.94647132852387,358.39483454779776,9.651807981563737,1000.1601267680417,0.05758064719720169,2944507762574.6606,0.3511361520888658,409.0134111148426,56.21005444482842,10.146030628006535,0.08458570199301924,1.4234435322457155,1.481631086469753,-0.02029063136013529,0.861763122296006,1.6467485167410538,0.7255447868070071,0.6502826518823166,0.6276203850382872,0.993605569586667,0.948288143160365,-0.028368215455757458,0.26119015940978474,0.5043122590114435,7.498306362172736,0.13383552524149356,3.5209675384251025,0.22672469709004783,0.19213346673375797,14.996612724345471,2.251537463721633,0.7262686546788673,578933.1910224474,0.3055625350360992,0.9510096332168584,57.234070063800985,3.522350218929726,199.5172979857711,0.06462731772194417,0.018792773942292784,3.3661266231832268,934308.1917233602,0.48899350306303163,0.6431762949923752,1.0347181057629629,0.7221189218413611,41.51475211325136,0.013729663498248315,30596.807177360293,0.251782055590065,4.091559201545626,61.514882201430204,24272627.929946266,1367787489.9647222,438665.0120219468,0.022276609261050025,44060.14569498276,0.3625722771782882,0.6215635158806646,38.32061369009301,0.014127967484459795,4.501571761588374,0.04128361357741378,24272041.191439338,5.155891898578377,232099.5346408182,0.07884980784892408,16.641782589028754,1033592.0875234623,0.7403072500418532,56.96165941638795,122.26706901325434,6892.16827044757,2.2167526712413363,0.018573648107228915,0.047625527007840014,2.867362399890087,0.0010193079879858007,3107.388794021017,1.7513413607329638e-06,78.73869262034732,0.005132696928919233,0.00027522231762532946,-28.73374220413336,30.488581188550352,2950114044536.0415,2.177136339216881,24.940936901783637,8.169008731666631,222.49849579721513,19.77282971621965,0.6684960108660325,1.7943687263467247,-270.4052009249244,492.9036967221395,10.869082407425934,1001.1118160958275,-0.7405457473717819,2950114044536.0415,0.2982711147229448,887.42941803699,133.11582863406932,100.89073407787751,-4.7510979320983076,3.466567001381956,2.465802691687618,0.16791303073489175,1.0312120875407569,1.888140304277526,1.375541281639754,0.6300243572333805,0.6011416031453927,0.9941079692811287,0.9536806002545354,-0.05503778072427339,0.42682593940328384,0.4742881554828673,11.526735735038331,0.10606572704020481,4.2018141777293545,0.3907713060270751,0.1879456104990525,23.053471470076666,2.743941819815253,1.4830924232673937,478679.9487591936,0.24770580789402535,1.9948713612554287,134.06408844173862,3.407778934441964,460.0172064959403,0.026150510999876864,0.00806604602569108,3.747750953030843,997038.4571712578,0.5123278134594165,0.6557300155005658,1.0302102700400406,0.7408360533010255,99.14703564218166,0.006093205927810732,17602.962238938188,0.1321484185317342,8.453376670950657,129.61859075417024,18597602.38134168,2510318385.6813354,138884.8657355448,0.01094017668402423,38239.31647223098,0.28706902446009175,0.5495393229820653,71.10950406002861,0.0062720384381495155,5.875548983737255,0.0452532898033507,18597114.066767562,5.775293758068754,179628.05430387982,0.06102398088843964,21.36483656805083,877980.4138094453,1.509735287566467,134.40696842094536,120.38762758763608,16305.158931431784,0.9004831301122801,0.007887946287208422,0.05068360261893486,6.654807590433517,0.0005086374549547281,1211.7709654306793,2.151266679646151e-06,150.69144898939922,0.006322089074868818,0.0006117288767953218,-20.264048860545778,20.24564256623488,2944498667692.502,1.6423519031511522,19.74420858341755,5.518797240787416,169.54051144189688,13.042441174513783,0.002074359731541757,-0.08827074142580782,-158.95233207127256,328.4928435131694,8.31566133674252,1000.1585821388115,0.09984172775812669,2944498667692.502,0.3844483990290699,313.04070215289806,56.24152747747982,6.927668005496701,0.10578273808305376,1.169804224953235,1.184711323412614,-0.006248718178070743,0.7620660652887208,1.5152913371420795,0.5902295595403589,0.6758575796385415,0.6592331939163828,0.9941199983321471,0.9508621499919531,-0.03288925645266104,0.2893436730537188,0.5063271697057282,7.499683583653497,0.15891884691971317,3.215721008889212,0.23253444292839595,0.22073138776895138,14.999367167306993,2.1082202480329126,0.5886288870914623,610408.2908954124,0.3390238391586137,0.7694094515872606,57.07151090834423,4.060533997892142,229.81053412270492,0.07400142899942817,0.01856359606726061,3.334901556028996,824825.4947049019,0.4527737345251648,0.6106968669205277,1.2674192458951659,0.6923643789532485,39.67177545951382,0.012979562489985112,25759.768949711746,0.28179546617780565,3.7140660890965127,61.122127049763165,35799724.74561605,2019454172.6430376,646027.2249818116,0.021604846188397746,30904.433691050508,0.33807482186396365,0.6000940167585399,36.85164192167303,0.013152910488859174,4.503199148386382,0.031055200072021512,35798687.858837046,4.95825265745754,262134.97870133666,0.08905357235234712,15.230887402213934,1131648.851688004,0.5945773787264536,56.84198106717535,138.92713461397997,7837.575950250802,2.5129334573471453,0.01839023386715677,0.03635636288681823,2.1763055054644913,0.0007554116171621099,3459.004171450197,1.6793215753625684e-06,61.961634613514605,0.004300411193285697,0.00024344537438994283,-35.27134720870996,35.18237221259808,2945729923977.371,2.309985937644077,35.16679796124417,4.612986120412624,257.3272509238595,22.449104018424006,-0.07322276410571368,-0.2872210305480102,-234.53961977995317,491.86687070381265,14.73262014105942,1000.3676708448443,0.09312378294976988,2945729923977.371,0.24936948101361173,881.9170381763998,110.16512420402204,41.380448957573215,0.38039841140824093,2.8786197955703465,3.0325904049419368,-0.026121994640322162,1.2603020183344176,2.0430929793581645,1.3812326019619414,0.5683890146511792,0.5245327436734312,0.9933362121386563,0.9459512907407823,-0.0503210632225802,0.3999862647647435,0.46811077173720395,10.497790956635717,0.07073660805688617,4.488099320241416,0.31403472625922474,0.13011373302243984,20.995581913271444,2.7312988130057665,1.4778025501280707,476670.47525002557,0.22062528458659478,1.7947304170026634,112.07224926917591,2.4969644513309115,277.53695743810766,0.023422735823217695,0.009562007697610857,3.5127990517125958,1301124.9112944454,0.5964751921368547,0.7342940905383047,0.5991013851370108,0.7982617918025965,89.7330777173669,0.007686436466307443,23501.13495298769,0.16047097631964063,7.7643675338064,120.83311824432745,14100918.366368273,1555580703.353381,130014.74411260546,0.011151943489354941,52849.85619080785,0.36087057234711845,0.6195861195039392,75.54592008213251,0.006990389690210006,5.08342911392005,0.04975293564096597,14100514.383844713,5.588935379318467,211108.02647436017,0.07171848641846203,14.494932450284463,734035.276379832,1.4943774559604033,111.67953349085208,77.03698984055049,8504.858175036054,0.7104374486543258,0.009484266835244441,0.06557940029827122,7.707132602666886,0.000689945260994421,1368.6248314362883,2.0214191892713736e-06,209.8201677344589,0.007061313130894347,0.0005523601495569778,-18.06713182143985,17.967483511002683,2944240771360.8193,1.451545220040612,18.329551712935835,4.002313387067592,114.60055374383285,11.382073354396951,0.005890028249632053,0.06321504234189645,-125.19845911861968,239.7990128624525,7.650727431569943,1000.1147813246996,-0.017305409264823574,2944240771360.8193,0.4199058304955467,217.79573296027624,42.24861189993548,2.532937762467564,-0.009394698285137034,0.8476265074635515,0.899033264510606,-0.029240932498405005,0.6785592752639642,1.3697561047761246,0.4322277052538071,0.6939400270857085,0.6825398193440768,0.9927532625948797,0.9448253598233816,-0.018520899094406382,0.17859136139819443,0.5173512590745483,6.500881749169145,0.18302513803250547,2.8617568578162538,0.15806504475322297,0.2288758405099801,13.001763498338294,1.9084208784869348,0.4366649429935394,661053.3854786352,0.37942974000155005,0.555614213690074,42.7760032198858,4.228256130554128,180.35275612695474,0.1024220837766229,0.024698625317100823,3.187514338379255,748513.8906573589,0.4269753509512971,0.5912285325394939,1.3098285564225451,0.6708057287262368,28.758312750802347,0.016749165268207675,38730.18482601255,0.4091418396612426,2.662151271785504,44.44119076292493,38107056.77592909,1622080419.5589254,916678.4791177583,0.02916972636219385,43145.88307874332,0.4557888390140005,0.7021426530778669,31.27645991072096,0.020683598165943607,3.457940182780537,0.0321589637055747,38106089.8439831,4.552547276899464,334102.273095719,0.11350259739320143,12.632100887531003,1236020.105942624,0.44121231543094125,42.70224744485004,147.84383731971266,6299.981813549217,3.556489210821835,0.024454520402561415,0.03744368543799756,1.6522405352909069,0.0010554156552110164,5701.135511352046,1.5453312083622177e-06,35.65471352184364,0.00488727659461097,0.00013116819143514622,-197.77064587766597,63.981094063245074,2381334684956.603,3.5048710456838568,87.66702277861651,7.823303935787296,545.2379794534598,88.21169936276843,-109.5231464983143,-158.81922155596237,-334.31993763201586,879.5579170854758,44.89473778009402,899.4424976498623,2.218434424303032,2381334684956.603,0.14317596739803148,16047.779956359387,117.2597741949359,62984.89184570341,1828.1495487136372,84.80753082712893,11.702811693405977,0.7567819754278554,2.0308185922305526,2.6842425945654367,7.477549581075769,0.5374588500914074,0.4898270749365903,0.9916132149337761,0.9508713187831093,-0.15396387108456785,0.7942343101186732,0.39108536377823494,9.949006564061241,0.03921264355735048,6.36330474267018,0.7673161926228821,0.1213904314539432,19.898013128122496,4.342141409468523,24.12758563013373,233198.64698447654,0.10876886392191562,29.954852783306542,147.6776636287668,2.69363304304245,268.2835289348212,0.04359108802440174,0.013320436161411023,4.835024916721369,1323414.857307168,0.6161774766014683,0.7272909654684816,0.7868709079067202,0.8125334272707241,131.97402205050437,0.010150555965401164,17190.983133498747,0.04765807669073575,38.097289689620844,295.5924122922529,2901038.7383419042,166556106.24123755,52093.872751944684,0.006874817361819579,129634.06928738755,0.35938086657718016,0.6211258144744354,193.86634103798605,0.003923476271829719,6.81146759159723,0.12254358235676807,2900972.1468329756,7.113776974813544,174960.33588556733,0.05943824440281337,29.064148792286073,421447.7664739865,25.760341364735023,128.15828221900995,94.51928562814139,6274.875834574742,1.7223753788166865,0.014452331602443306,0.1171755699393022,31.649230101268618,0.0009118960777006126,713.8197108111192,3.1305596570113094e-06,787.0858688829038,0.05000651641376476,0.004078425978647547,-20.303843688964843,27.88836059570313,2962409257322.4717,1.8812351695208687,16.06462812423706,7.243097372658029,146.27381896972656,14.846593344093423,2.9299374910489493,3.6769838333129883,-166.50035095214844,312.774169921875,7.516026800143369,1003.1958176489943,-0.946833381138623,2962409257322.4717,0.3626031247243285,533.3890326348637,58.8752452812981,52.96021806140757,-4.574475906553951,2.7891739237459516,1.0102895868145816,0.46746026445199274,0.6235143994709055,1.4575837304081953,0.611527952238414,0.738258800586657,0.7249496351548431,0.9942276893538294,0.9571860151610075,-0.12641256374756324,0.5892366442960845,0.40777110991895044,7.64398543375025,0.17145554214863729,3.4852065074056395,0.5011014354072144,0.3452104472514957,15.2879708675005,2.5776110629452904,0.9498658776401336,398432.35249290173,0.2724266043496081,1.4030976896583727,57.96870473284741,7.553772548578346,463.1075780851452,0.12884926153817913,0.019681711817894774,4.08897576875806,547432.908544674,0.3691904775404303,0.4959185414755446,3.296297246451459,0.6220169054976115,35.316680473218426,0.012948721538484607,4697.786586466165,0.14128681463056136,5.062560113969133,52.03266165413534,92487257.06601503,5666445903.71197,1530760.6983950844,0.031969645322407814,6567.540150375939,0.19752000452258467,0.4484068650970313,23.18483814402528,0.014231242549402051,6.402105689725741,0.011295826659170088,92479419.811306,6.002215690457829,130514.97605420637,0.04433908408824211,37.3803695435325,1067345.866829168,0.9672736035995143,59.50135872657815,236.3629323626283,14568.439704575914,3.9398625429667913,0.0183815901937774,0.01883620343251358,1.0110744883239104,0.00047829170901138703,2358.8516718526585,2.6791324376136717e-06,37.319105205064226,0.0058712935737097235,0.00028713139309392903,-15.93354778289795,33.24338912963867,2982484286485.184,1.843827244343494,17.50525951385498,7.123950547759809,125.71842956542969,15.061619628056697,6.32947918870551,5.643032073974609,-146.1204833984375,271.8389129638672,8.122924955449978,1006.589201196282,-0.8134349050409618,2982484286485.184,0.3806463923580989,522.7992807586995,46.97168404299233,73.21314184460884,-5.467602674406227,3.2659865587840957,0.4021631812672123,0.7806423065496036,0.3370339761198326,1.024483974988673,0.2847449154163213,0.84170521998142,0.8379860449083298,0.9972487767486788,0.9744265155914671,-0.3542128825247351,0.8461541210772814,0.28595150083744303,6.801156122898896,0.24336102917055535,3.0213335569657525,0.7897927444218967,0.45656559800833896,13.602312245797794,2.5702939889005316,0.9170374350128271,237083.6452928457,0.25005179133369226,1.5415689491875058,45.42996196581699,24.640537820863205,1193.3216432069783,0.5316217446021835,0.027216317879709205,4.90770815759628,234622.43475950495,0.24136719471178728,0.32168285212502007,14.127264378145062,0.48679172264662035,21.21891744369077,0.014661141374263978,1615.1272132933805,0.21998463814946617,3.313674729473894,39.31530918005993,443290561.97153366,21281847271.55925,9373654.638523053,0.04639113336909426,1123.4543721056932,0.15301748462349404,0.39839082813936133,14.162599835876529,0.01666415480783081,6.645432592629604,0.0024942544159887755,443129823.9936876,5.909501375905324,182684.47868180252,0.06206232194016525,44.24349048121309,1120457.3979215678,0.9199309356572862,47.18773052404143,391.5531496671553,18907.789617012026,8.521912231816382,0.023950087698035655,0.007041331986625222,0.2968686007386637,0.00022431545547859315,1635.7386911107374,4.795802343631674e-06,16.22543915867878,0.00338848710663275,0.00043357938890031144,-12.835127449035644,38.5082275390625,3001929919838.0215,1.8614726203327683,20.508437156677246,5.825434414542655,146.05775451660156,15.76266419697461,9.61466902266189,7.575050354003906,-138.59771728515625,284.6554718017578,9.291218167428474,1009.8653229268369,-0.378957916451677,3001929919838.0215,0.3683565964152391,506.1905443863009,48.76857679005679,61.447110432494206,-3.0338329726107967,3.27082384204455,0.24360088487275072,0.8613763062475073,0.23275110780888214,0.8014080413235718,0.18739262355895864,0.8854227403836303,0.884709423801946,0.9983230901135992,0.9821555948610811,-0.49093846050889167,0.913074046653329,0.22335201516526476,6.9290526374665635,0.26181050201638173,2.8055398304466745,0.8669644208197802,0.47121725791450775,13.858105274933125,2.539911268691467,0.8786061817293256,179181.04270188074,0.2495856110724018,1.4433009331813313,47.58070170286449,47.28213187617845,2330.723618324023,0.9942538596592541,0.024726792049982134,5.386737627023241,129966.54135942356,0.174366356868424,0.24380070790664748,28.242636062613045,0.38471758859368693,17.479203430566905,0.0103368673809388,1198.6327376327376,0.3104461894930685,2.093249082112071,38.42657342657343,815235730.6021756,39783766380.65112,16959745.297486573,0.03530049984736642,761.4449624449625,0.19721444248768777,0.45841682233961034,16.253521235675585,0.01450598382198922,5.902021892419185,0.0013116747889039312,814654501.0902314,5.582018157760423,331309.6428775991,0.11255387357765129,36.15559801950914,1084281.5847270233,0.8778773224855592,48.84891008012393,463.04002289740504,22865.2400439603,9.923042550847759,0.022506321582564385,0.004561071894358142,0.20378829047403654,0.00011923948670738066,1254.1453728158233,6.200266688484298e-06,12.730324253831792,0.0025109123917860326,0.0005604548827721691,-10.288218879699707,42.67633819580079,3020640966008.2944,1.890056558930235,24.490206122398376,4.650531888447523,139.8437957763672,16.645356760262736,12.761101863519706,9.54630184173584,-120.77521514892578,260.61901092529297,10.641245030004013,1013.0076820826333,-0.02966765383951681,3020640966008.2944,0.3484893956858964,499.5145106184544,37.387096930563196,49.734596088837826,-0.9124505375452578,3.261600269894073,0.18433376525000972,0.8930312157066186,0.1828773845685187,0.6845871294205638,0.14953628855163517,0.9088040109424487,0.9087069457838896,0.998489640734539,0.9847695534307626,-0.5690173670323347,0.9383746020309846,0.1816033054037994,6.0512626729553745,0.25998101016726766,2.7038707387826735,0.8961709623866281,0.45731441984083404,12.102525345910747,2.514383092361811,0.8614835087860204,150236.6883365942,0.25570761358105454,1.2990402652936202,37.024035235785554,71.03491463737831,2634.553579311297,2.015494315596433,0.03248447643382602,5.694943778272846,82115.16881404289,0.13397395661358177,0.199582348405629,41.91932427800391,0.30119564364199625,10.603566926044278,0.010534854810589859,1007.740058910162,0.3710383132953468,1.5213249743515218,27.491531664212076,1092326275.0025773,39902510292.76583,30643349.680585112,0.048744946564768486,630.0139911634757,0.23196391427226645,0.4989201040234849,12.415727355432077,0.02209276516562417,5.3092392795712495,0.0009226906828964198,1091151681.1338618,5.352516661368603,463848.2942204436,0.1575804489523566,30.174886881993558,1025801.1880121554,0.8605186100280252,37.40730644643485,505.888454645982,18960.483659100446,14.730068153770514,0.030049801695203167,0.0036868404713205666,0.12597908764174473,0.00012698367686788856,1382.7206813359683,7.2689662773500005e-06,9.230928699858199,0.002576320055018384,0.0004930372932635711,-7.69970359802246,45.879187011718756,3038496222802.904,1.906088271689607,28.143802404403687,3.979193211136144,140.4382781982422,17.390321745866494,15.752933000455231,11.827823638916016,-114.77149963378906,255.20977783203125,11.83960609225044,1015.9972564838433,0.1645474270616973,3038496222802.904,0.3326730075357871,496.4042836694535,38.8014024762902,43.29808951028038,0.28900504548032024,3.259809292729017,0.15401212920459056,0.9097878865171641,0.15385976895018455,0.6142864941435247,0.12933188569704931,0.923095508900642,0.9230853515503483,0.9987376654433413,0.9871793292557821,-0.6173540978881445,0.9501549886353469,0.1537264537275793,6.1664375280364405,0.2555816738436313,2.6351365497652797,0.915478697394653,0.4368570019403846,12.332875056072881,2.4803855492455478,0.853455355483402,133391.56540972705,0.2635705102920086,1.1867437818075972,38.71692056890647,94.33175370140523,3586.0937980326494,2.6154370470974566,0.030097513800707187,5.8940892040369,58306.86410234761,0.11026848623757429,0.17184938880366024,54.597054897467174,0.24702302900528353,8.949387903554149,0.008000437746704628,832.261040235525,0.4083714623334274,1.2478254190979825,27.83758586849853,1386990034.1476939,51852572999.435234,38168638.28491374,0.0434251948742218,510.4160942100098,0.25044950648184977,0.5177207846129392,13.272841723257105,0.02165034919118444,4.868662665632289,0.000692357736282365,1384903915.9987009,5.160011560312753,586368.966690051,0.19920367536984948,26.821533366423477,979244.6214270791,0.8531619515615915,38.77600766417592,534.508767090246,20689.179135164333,15.071498817072184,0.028634113792191253,0.0032423200616949637,0.11530765262101181,0.00010448951736611753,1225.4528196301028,8.13482071419491e-06,8.323555912284196,0.002287861804802891,0.0005512442385674517
